              -6730.7180062479
          0.000078327       0.000000169      -0.000000907
          0.000000169       0.000104380       0.000000695
         -0.000000907       0.000000695       0.000018272
          67
  5    79      -0.004862150      -0.004301504       0.000091134  Au.gga.5
  5    79      -0.000484025      -0.006829792      -0.002953865  Au.gga.5
  5    79      -0.000830916      -0.006929493      -0.002895381  Au.gga.5
  5    79       0.004917434      -0.006493067      -0.002063446  Au.gga.5
  5    79      -0.005278774       0.000120979      -0.004778007  Au.gga.5
  5    79       0.001008007       0.000566735      -0.005733408  Au.gga.5
  5    79       0.000139039       0.001083681      -0.005868783  Au.gga.5
  5    79       0.005618980       0.000037062      -0.002502273  Au.gga.5
  5    79      -0.005357991      -0.000724453      -0.001729971  Au.gga.5
  5    79       0.000392805      -0.000481445      -0.005305918  Au.gga.5
  5    79      -0.000479988      -0.000622666      -0.006605007  Au.gga.5
  5    79       0.004252969      -0.000538722      -0.004683731  Au.gga.5
  5    79      -0.003784772       0.006557712      -0.003436866  Au.gga.5
  5    79       0.001130018       0.006292331      -0.003963463  Au.gga.5
  5    79      -0.000078637       0.006213799      -0.005091601  Au.gga.5
  5    79       0.003848565       0.005008806      -0.000136626  Au.gga.5
  5    79      -0.004944402      -0.007935143       0.007861169  Au.gga.5
  5    79       0.000919849      -0.007090274       0.008925548  Au.gga.5
  5    79       0.000419699      -0.006923001       0.009042531  Au.gga.5
  5    79       0.005958010      -0.005029656       0.010401985  Au.gga.5
  5    79      -0.007109929       0.000301078       0.007239527  Au.gga.5
  5    79      -0.000552016       0.000979376       0.006881442  Au.gga.5
  5    79      -0.001113491       0.000757410       0.007023959  Au.gga.5
  5    79       0.006084956       0.000241774       0.006280216  Au.gga.5
  5    79      -0.005338889      -0.001059464       0.007699892  Au.gga.5
  5    79       0.000516638      -0.000173940       0.007072273  Au.gga.5
  5    79       0.000197635      -0.000527348       0.007882859  Au.gga.5
  5    79       0.006863958      -0.000333971       0.008929223  Au.gga.5
  5    79      -0.005785094       0.006549805       0.005812941  Au.gga.5
  5    79      -0.000273850       0.008357672       0.006149631  Au.gga.5
  5    79      -0.001383471       0.007584543       0.005476045  Au.gga.5
  5    79       0.005149053       0.007005533       0.005894672  Au.gga.5
  3    79      -0.006276784      -0.005670367       0.005602253  Au.gga.3
  3    79       0.000020266      -0.005626706       0.007414833  Au.gga.3
  3    79      -0.000941673      -0.005327947       0.007834473  Au.gga.3
  3    79       0.004980811      -0.005518601       0.007360182  Au.gga.3
  3    79      -0.005472717      -0.000326742       0.011850802  Au.gga.3
  3    79       0.001620315       0.001113641       0.008928642  Au.gga.3
  3    79       0.000027453       0.001256641       0.007576344  Au.gga.3
  3    79       0.005510572      -0.000511542       0.008682540  Au.gga.3
  3    79      -0.007790405       0.000595729       0.006117471  Au.gga.3
  3    79      -0.001267712       0.000506098       0.009063572  Au.gga.3
  3    79      -0.000369267      -0.000308877       0.007823648  Au.gga.3
  3    79       0.005118817       0.000978391       0.006991653  Au.gga.3
  3    79      -0.009274546       0.006967251       0.008565641  Au.gga.3
  3    79       0.000031882       0.007921808       0.010031744  Au.gga.3
  3    79       0.001462693       0.007028364       0.007556266  Au.gga.3
  3    79       0.009253913       0.005337085       0.008243085  Au.gga.3
  3    79      -0.016337228      -0.002843255      -0.002116041  Au.gga.3
  3    79       0.018042051      -0.014367039      -0.020045268  Au.gga.3
  3    79      -0.001346736      -0.007969186      -0.009375836  Au.gga.3
  3    79       0.011058514      -0.002359964      -0.016755636  Au.gga.3
  3    79      -0.006123861       0.006860762      -0.014998442  Au.gga.3
  3    79       0.001144525       0.000246438      -0.007892373  Au.gga.3
  3    79       0.001615572       0.000208198      -0.009440721  Au.gga.3
  3    79       0.007105856      -0.008761009      -0.007106022  Au.gga.3
  3    79      -0.006805349       0.001292948      -0.012081910  Au.gga.3
  3    79       0.000565873      -0.000398396      -0.009928864  Au.gga.3
  3    79      -0.000454614      -0.000998210      -0.009943505  Au.gga.3
  3    79       0.005971382       0.000728552      -0.012237701  Au.gga.3
  3    79      -0.005239101       0.002622672      -0.010686180  Au.gga.3
  3    79       0.000240497       0.006300273      -0.010846044  Au.gga.3
  3    79       0.001564247       0.006927857      -0.010294829  Au.gga.3
  3    79       0.006415306       0.004829197      -0.013671528  Au.gga.3
  2     8      -0.022562327      -0.014746144      -0.052406872  O.2
  1     1       0.019047225       0.014145957       0.062499778  H.1
  1     1      -0.009870063      -0.001745216      -0.023451958  H.1
