              -6730.7230515983
          0.000077442       0.000000632      -0.000000513
          0.000000632       0.000103476       0.000000750
         -0.000000513       0.000000750       0.000018088
          67
  5    79      -0.004796668      -0.004478064       0.000255572  Au.gga.5
  5    79      -0.000480438      -0.006801657      -0.002993159  Au.gga.5
  5    79      -0.000925044      -0.006990755      -0.002943614  Au.gga.5
  5    79       0.004853685      -0.006428381      -0.002096515  Au.gga.5
  5    79      -0.005247594       0.000102354      -0.004753862  Au.gga.5
  5    79       0.000956082       0.000612055      -0.005808573  Au.gga.5
  5    79       0.000212419       0.001154576      -0.006014372  Au.gga.5
  5    79       0.005533476       0.000092149      -0.002567421  Au.gga.5
  5    79      -0.005341671      -0.000731154      -0.001714034  Au.gga.5
  5    79       0.000346705      -0.000411232      -0.005211248  Au.gga.5
  5    79      -0.000490195      -0.000675617      -0.006643136  Au.gga.5
  5    79       0.004212190      -0.000650595      -0.004756432  Au.gga.5
  5    79      -0.003799312       0.006577953      -0.003367798  Au.gga.5
  5    79       0.001077010       0.006230299      -0.004137230  Au.gga.5
  5    79      -0.000030772       0.006239664      -0.005053472  Au.gga.5
  5    79       0.004010057       0.005040093      -0.000175629  Au.gga.5
  5    79      -0.005147424      -0.007938251       0.007751755  Au.gga.5
  5    79       0.000950612      -0.007031759       0.009017289  Au.gga.5
  5    79       0.000454428      -0.007082115       0.009012261  Au.gga.5
  5    79       0.006054061      -0.005437125       0.010363821  Au.gga.5
  5    79      -0.007099253       0.000338012       0.007213009  Au.gga.5
  5    79      -0.000568825       0.000964582       0.006888497  Au.gga.5
  5    79      -0.001140670       0.000626132       0.007004544  Au.gga.5
  5    79       0.006159023       0.000338438       0.006505420  Au.gga.5
  5    79      -0.005452864      -0.001059276       0.007548159  Au.gga.5
  5    79       0.000599997      -0.000230760       0.007118993  Au.gga.5
  5    79       0.000257406      -0.000577215       0.007826818  Au.gga.5
  5    79       0.006977210      -0.000471811       0.008981600  Au.gga.5
  5    79      -0.005863612       0.006816259       0.005871275  Au.gga.5
  5    79      -0.000351287       0.008337049       0.006147561  Au.gga.5
  5    79      -0.001310460       0.007673717       0.005491657  Au.gga.5
  5    79       0.005227974       0.007267178       0.006035828  Au.gga.5
  3    79      -0.005765483      -0.005684643       0.006316101  Au.gga.3
  3    79       0.000146785      -0.005906011       0.007171321  Au.gga.3
  3    79      -0.001115857      -0.005328064       0.007999065  Au.gga.3
  3    79       0.004958969      -0.005232647       0.006987911  Au.gga.3
  3    79      -0.005451298      -0.000136906       0.010842865  Au.gga.3
  3    79       0.001435016       0.001130215       0.008933295  Au.gga.3
  3    79      -0.000015236       0.001236532       0.007612779  Au.gga.3
  3    79       0.005519828      -0.000623975       0.008854949  Au.gga.3
  3    79      -0.007670560       0.000692418       0.006149614  Au.gga.3
  3    79      -0.000872515       0.000471001       0.008909297  Au.gga.3
  3    79      -0.000416147      -0.000301391       0.008083660  Au.gga.3
  3    79       0.005124522       0.000725716       0.007051374  Au.gga.3
  3    79      -0.009397741       0.006870805       0.008328040  Au.gga.3
  3    79       0.000523947       0.007873369       0.010197945  Au.gga.3
  3    79       0.000931364       0.006682402       0.007156962  Au.gga.3
  3    79       0.009746520       0.005278163       0.008577681  Au.gga.3
  3    79      -0.017357410      -0.005473289      -0.003912718  Au.gga.3
  3    79       0.018770426      -0.013198755      -0.019764724  Au.gga.3
  3    79      -0.000715311      -0.008141782      -0.008631784  Au.gga.3
  3    79       0.015883405       0.000586881      -0.015470288  Au.gga.3
  3    79      -0.005672036       0.007764001      -0.014801083  Au.gga.3
  3    79       0.000928852       0.000102386      -0.007810282  Au.gga.3
  3    79       0.002008738      -0.000015711      -0.009307318  Au.gga.3
  3    79       0.005879293      -0.006798332      -0.007168347  Au.gga.3
  3    79      -0.006818704       0.001045292      -0.012262513  Au.gga.3
  3    79       0.000810137      -0.000427152      -0.010010572  Au.gga.3
  3    79      -0.000356276      -0.001085515      -0.009943209  Au.gga.3
  3    79       0.005507284       0.000997993      -0.012077998  Au.gga.3
  3    79      -0.005327012       0.002309823      -0.010725264  Au.gga.3
  3    79      -0.000123521       0.006391897      -0.010555463  Au.gga.3
  3    79       0.001023896       0.007321349      -0.010231668  Au.gga.3
  3    79       0.006857998       0.005268010      -0.013334964  Au.gga.3
  2     8      -0.018656113      -0.010653505      -0.055049917  O.2
  1     1       0.012813857       0.009173813       0.063549112  H.1
  1     1      -0.012568590      -0.004546100      -0.022441681  H.1
