              -6730.7973833242
          0.000087936      -0.000000602      -0.000001277
         -0.000000602       0.000109758      -0.000000248
         -0.000001277      -0.000000248       0.000011997
          67
  5    79      -0.004763422      -0.005315256       0.000221508  Au.gga.5
  5    79      -0.000374657      -0.006901099      -0.002575782  Au.gga.5
  5    79      -0.000813516      -0.006833275      -0.003035567  Au.gga.5
  5    79       0.004783306      -0.006925075      -0.002685268  Au.gga.5
  5    79      -0.005257517       0.000354827      -0.004576102  Au.gga.5
  5    79       0.001132157       0.000246822      -0.005979339  Au.gga.5
  5    79       0.000448389       0.000791276      -0.005710779  Au.gga.5
  5    79       0.005233217       0.000627990      -0.002264108  Au.gga.5
  5    79      -0.005819547      -0.000307585      -0.003542623  Au.gga.5
  5    79      -0.000175971      -0.000424268      -0.006361460  Au.gga.5
  5    79      -0.000675017      -0.000641232      -0.005706201  Au.gga.5
  5    79       0.005070925      -0.000677388      -0.005069526  Au.gga.5
  5    79      -0.004733805       0.006104107      -0.004840824  Au.gga.5
  5    79       0.000938460       0.006124386      -0.003831938  Au.gga.5
  5    79       0.000177894       0.006195255      -0.005416716  Au.gga.5
  5    79       0.004627198       0.004544936      -0.002290490  Au.gga.5
  5    79      -0.005965990      -0.006882876       0.008255272  Au.gga.5
  5    79       0.000780189      -0.006918809       0.008353412  Au.gga.5
  5    79       0.000774518      -0.006696718       0.009034788  Au.gga.5
  5    79       0.006543336      -0.004528934       0.009820523  Au.gga.5
  5    79      -0.007451461       0.000116613       0.006741038  Au.gga.5
  5    79      -0.000422066       0.000950267       0.006117328  Au.gga.5
  5    79      -0.000668418       0.000783543       0.007046084  Au.gga.5
  5    79       0.005947065       0.000394027       0.006486388  Au.gga.5
  5    79      -0.005978153      -0.000679798       0.006539162  Au.gga.5
  5    79       0.000709165      -0.000258774       0.007013579  Au.gga.5
  5    79       0.000394568      -0.000698615       0.007316569  Au.gga.5
  5    79       0.007181827       0.000087192       0.008347689  Au.gga.5
  5    79      -0.006350833       0.005428570       0.006022871  Au.gga.5
  5    79       0.000223290       0.007621170       0.004305304  Au.gga.5
  5    79      -0.001124253       0.007296528       0.004554402  Au.gga.5
  5    79       0.004904058       0.006489555       0.004797511  Au.gga.5
  3    79      -0.006440138      -0.004031488       0.004029244  Au.gga.3
  3    79       0.000294461      -0.005106048       0.006373972  Au.gga.3
  3    79      -0.000567757      -0.005703119       0.007586102  Au.gga.3
  3    79       0.004979620      -0.005422101       0.006170517  Au.gga.3
  3    79      -0.005802807       0.001573909       0.009321480  Au.gga.3
  3    79       0.001596563       0.001105460       0.008864789  Au.gga.3
  3    79       0.000752835       0.000793539       0.007210623  Au.gga.3
  3    79       0.006068901       0.000938862       0.006864503  Au.gga.3
  3    79      -0.007278689       0.000049106       0.006774375  Au.gga.3
  3    79      -0.000675396       0.000453571       0.008708087  Au.gga.3
  3    79      -0.000835403       0.000610333       0.007917592  Au.gga.3
  3    79       0.005518394       0.000582325       0.007447488  Au.gga.3
  3    79      -0.005846163       0.005755697       0.005674037  Au.gga.3
  3    79       0.001188869       0.006115273       0.006207377  Au.gga.3
  3    79      -0.000093836       0.006500723       0.007142252  Au.gga.3
  3    79       0.005801061       0.005254149       0.007100984  Au.gga.3
  3    79      -0.009791908      -0.007868700      -0.013392972  Au.gga.3
  3    79       0.001732442      -0.006940716      -0.015319102  Au.gga.3
  3    79      -0.000587428      -0.005955803      -0.010890409  Au.gga.3
  3    79       0.006727901      -0.004930367      -0.014026708  Au.gga.3
  3    79      -0.002442429      -0.003331172      -0.009028800  Au.gga.3
  3    79      -0.000216915      -0.000824421      -0.007697104  Au.gga.3
  3    79       0.000594624      -0.000326448      -0.009091758  Au.gga.3
  3    79       0.003979800       0.000104651      -0.019670546  Au.gga.3
  3    79      -0.004948972       0.000689808      -0.011418001  Au.gga.3
  3    79      -0.001225872      -0.001801083      -0.009041247  Au.gga.3
  3    79      -0.000694684      -0.000689653      -0.009705087  Au.gga.3
  3    79       0.006794443       0.000243352      -0.012749360  Au.gga.3
  3    79      -0.003469181       0.003339585      -0.010902713  Au.gga.3
  3    79       0.000454741       0.004659556      -0.012072980  Au.gga.3
  3    79       0.000843945       0.005903900      -0.009451756  Au.gga.3
  3    79       0.005136748       0.005784333      -0.015323697  Au.gga.3
  2     8       0.060797149      -0.025563924       0.016136498  O.2
  1     1       0.003822835       0.017787611       0.024765500  H.1
  1     1      -0.065387090       0.010989154      -0.011794874  H.1
