              -6730.7264191657
          0.000078404       0.000000715      -0.000006441
          0.000000715       0.000105420      -0.000002306
         -0.000006441      -0.000002306       0.000010110
          67
  5    79      -0.004753271      -0.005346610       0.000185465  Au.gga.5
  5    79      -0.000309899      -0.006783658      -0.002578467  Au.gga.5
  5    79      -0.000841010      -0.006787804      -0.003016332  Au.gga.5
  5    79       0.004803136      -0.006881421      -0.002659133  Au.gga.5
  5    79      -0.005197981       0.000490609      -0.004820398  Au.gga.5
  5    79       0.001025871       0.000356998      -0.005993567  Au.gga.5
  5    79       0.000489579       0.000922202      -0.005690538  Au.gga.5
  5    79       0.005143880       0.000733465      -0.002273225  Au.gga.5
  5    79      -0.005676065      -0.000464901      -0.003535081  Au.gga.5
  5    79      -0.000328494      -0.000581527      -0.006317919  Au.gga.5
  5    79      -0.000608764      -0.000759618      -0.005675808  Au.gga.5
  5    79       0.005038832      -0.000628542      -0.004967485  Au.gga.5
  5    79      -0.004792245       0.006127163      -0.004601197  Au.gga.5
  5    79       0.000796286       0.006204229      -0.003664365  Au.gga.5
  5    79       0.000480663       0.006243442      -0.005274232  Au.gga.5
  5    79       0.004499199       0.004699589      -0.002138642  Au.gga.5
  5    79      -0.005941537      -0.006848091       0.008240313  Au.gga.5
  5    79       0.000817409      -0.006862388       0.008392226  Au.gga.5
  5    79       0.000829251      -0.006763451       0.009133694  Au.gga.5
  5    79       0.006356231      -0.004856244       0.009824811  Au.gga.5
  5    79      -0.007315513       0.000233470       0.006759024  Au.gga.5
  5    79      -0.000509503       0.001028816       0.006157959  Au.gga.5
  5    79      -0.000680453       0.000650398       0.007061112  Au.gga.5
  5    79       0.006012323       0.000518659       0.006537554  Au.gga.5
  5    79      -0.005786186      -0.000918295       0.006410411  Au.gga.5
  5    79       0.000662051      -0.000242007       0.006958004  Au.gga.5
  5    79       0.000702106      -0.000621902       0.007333796  Au.gga.5
  5    79       0.006746186      -0.000003390       0.008076519  Au.gga.5
  5    79      -0.006699459       0.005509339       0.005836085  Au.gga.5
  5    79       0.000253759       0.007637105       0.004461913  Au.gga.5
  5    79      -0.001089622       0.007286807       0.004391505  Au.gga.5
  5    79       0.005375346       0.006585921       0.005339225  Au.gga.5
  3    79      -0.006015613      -0.003818018       0.003710380  Au.gga.3
  3    79      -0.000321834      -0.004757910       0.007552035  Au.gga.3
  3    79      -0.000768984      -0.005609693       0.007689912  Au.gga.3
  3    79       0.004629136      -0.005500288       0.006073346  Au.gga.3
  3    79      -0.005686897       0.001322176       0.009902195  Au.gga.3
  3    79       0.001428334       0.001111888       0.008696031  Au.gga.3
  3    79       0.000530046       0.001135179       0.007293777  Au.gga.3
  3    79       0.006347892       0.001576857       0.006426981  Au.gga.3
  3    79      -0.007351472      -0.000018744       0.006916689  Au.gga.3
  3    79      -0.000450901       0.000248033       0.008631000  Au.gga.3
  3    79      -0.000569636       0.000542196       0.008096325  Au.gga.3
  3    79       0.005334497       0.000628314       0.007660693  Au.gga.3
  3    79      -0.005721253       0.005912408       0.005857997  Au.gga.3
  3    79       0.000907461       0.006162520       0.006243313  Au.gga.3
  3    79      -0.000161371       0.006675849       0.007106962  Au.gga.3
  3    79       0.006227047       0.005578745       0.008544847  Au.gga.3
  3    79      -0.005337579      -0.006336985      -0.014982989  Au.gga.3
  3    79      -0.002824228      -0.003914026      -0.010300538  Au.gga.3
  3    79      -0.000012367      -0.006075175      -0.011285662  Au.gga.3
  3    79       0.005494852      -0.005260073      -0.014616195  Au.gga.3
  3    79      -0.003097127      -0.006936064      -0.006096474  Au.gga.3
  3    79      -0.000936500      -0.001447500      -0.007614651  Au.gga.3
  3    79       0.000980191       0.000105162      -0.010184765  Au.gga.3
  3    79       0.003485712      -0.001125445      -0.015841742  Au.gga.3
  3    79      -0.004500105       0.000789898      -0.011783416  Au.gga.3
  3    79      -0.001001802      -0.001654836      -0.009291715  Au.gga.3
  3    79      -0.000451772      -0.000657095      -0.009733825  Au.gga.3
  3    79       0.005818826      -0.000098233      -0.012214806  Au.gga.3
  3    79      -0.004058931       0.003811298      -0.011028810  Au.gga.3
  3    79      -0.000046110       0.003928244      -0.012020109  Au.gga.3
  3    79       0.001011212       0.005630355      -0.009554329  Au.gga.3
  3    79       0.005117350       0.005621176      -0.015581325  Au.gga.3
  2     8       0.326625550      -0.353302386      -0.022689366  O.2
  1     1       0.138574036       0.214364212       0.161799722  H.1
  1     1      -0.463891719       0.141583603      -0.121356054  H.1
