              -6730.7317240450
          0.000078686       0.000000773      -0.000006199
          0.000000773       0.000105881      -0.000002245
         -0.000006199      -0.000002245       0.000010080
          67
  5    79      -0.004757486      -0.005348717       0.000182241  Au.gga.5
  5    79      -0.000310582      -0.006793936      -0.002579204  Au.gga.5
  5    79      -0.000838980      -0.006794502      -0.003017347  Au.gga.5
  5    79       0.004801870      -0.006883838      -0.002665514  Au.gga.5
  5    79      -0.005204667       0.000484786      -0.004813336  Au.gga.5
  5    79       0.001034955       0.000350043      -0.005999648  Au.gga.5
  5    79       0.000486543       0.000921576      -0.005695168  Au.gga.5
  5    79       0.005148218       0.000729559      -0.002271954  Au.gga.5
  5    79      -0.005689300      -0.000462129      -0.003547868  Au.gga.5
  5    79      -0.000319605      -0.000574917      -0.006328692  Au.gga.5
  5    79      -0.000613470      -0.000758284      -0.005679726  Au.gga.5
  5    79       0.005042770      -0.000631172      -0.004972536  Au.gga.5
  5    79      -0.004788129       0.006128954      -0.004622928  Au.gga.5
  5    79       0.000803503       0.006202305      -0.003668744  Au.gga.5
  5    79       0.000464867       0.006235417      -0.005292180  Au.gga.5
  5    79       0.004504230       0.004687967      -0.002153941  Au.gga.5
  5    79      -0.005942814      -0.006850960       0.008229842  Au.gga.5
  5    79       0.000815813      -0.006864031       0.008376025  Au.gga.5
  5    79       0.000830535      -0.006764879       0.009125912  Au.gga.5
  5    79       0.006367549      -0.004831373       0.009818088  Au.gga.5
  5    79      -0.007325767       0.000226550       0.006745316  Au.gga.5
  5    79      -0.000506336       0.001029029       0.006145380  Au.gga.5
  5    79      -0.000676088       0.000652862       0.007057271  Au.gga.5
  5    79       0.006015450       0.000517352       0.006532066  Au.gga.5
  5    79      -0.005791908      -0.000908714       0.006403874  Au.gga.5
  5    79       0.000669364      -0.000246194       0.006961183  Au.gga.5
  5    79       0.000695902      -0.000622102       0.007325198  Au.gga.5
  5    79       0.006758569       0.000006720       0.008090565  Au.gga.5
  5    79      -0.006689908       0.005502032       0.005842147  Au.gga.5
  5    79       0.000255897       0.007639336       0.004449216  Au.gga.5
  5    79      -0.001089061       0.007286976       0.004384424  Au.gga.5
  5    79       0.005346593       0.006574916       0.005295578  Au.gga.5
  3    79      -0.006052995      -0.003817098       0.003699124  Au.gga.3
  3    79      -0.000277227      -0.004764906       0.007495112  Au.gga.3
  3    79      -0.000764379      -0.005606960       0.007686422  Au.gga.3
  3    79       0.004632547      -0.005509421       0.006144834  Au.gga.3
  3    79      -0.005693819       0.001331053       0.009935893  Au.gga.3
  3    79       0.001441339       0.001120990       0.008714713  Au.gga.3
  3    79       0.000551776       0.001102659       0.007301904  Au.gga.3
  3    79       0.006321979       0.001555598       0.006506109  Au.gga.3
  3    79      -0.007346710      -0.000020088       0.006915134  Au.gga.3
  3    79      -0.000455258       0.000265722       0.008633781  Au.gga.3
  3    79      -0.000582931       0.000535916       0.008072277  Au.gga.3
  3    79       0.005365813       0.000616152       0.007666168  Au.gga.3
  3    79      -0.005724501       0.005920373       0.005829800  Au.gga.3
  3    79       0.000935267       0.006158018       0.006254323  Au.gga.3
  3    79      -0.000180770       0.006656434       0.007093233  Au.gga.3
  3    79       0.006200428       0.005582349       0.008517403  Au.gga.3
  3    79      -0.005548336      -0.006435870      -0.014998473  Au.gga.3
  3    79      -0.002634353      -0.004013377      -0.010503213  Au.gga.3
  3    79      -0.000048149      -0.006045186      -0.011271944  Au.gga.3
  3    79       0.005521288      -0.005245144      -0.014595770  Au.gga.3
  3    79      -0.003075490      -0.006838331      -0.006142683  Au.gga.3
  3    79      -0.000945277      -0.001442988      -0.007594926  Au.gga.3
  3    79       0.000987529       0.000115188      -0.010156216  Au.gga.3
  3    79       0.003521551      -0.001076161      -0.016141781  Au.gga.3
  3    79      -0.004474780       0.000804395      -0.011756653  Au.gga.3
  3    79      -0.001003811      -0.001679110      -0.009291498  Au.gga.3
  3    79      -0.000438877      -0.000707967      -0.009727303  Au.gga.3
  3    79       0.005844690      -0.000085888      -0.012282750  Au.gga.3
  3    79      -0.004008390       0.003757290      -0.011028942  Au.gga.3
  3    79      -0.000053696       0.003980415      -0.012044664  Au.gga.3
  3    79       0.000918895       0.005627868      -0.009568061  Au.gga.3
  3    79       0.005088332       0.005684986      -0.015604276  Au.gga.3
  2     8       0.326519982      -0.327056779      -0.020158831  O.2
  1     1       0.125205110       0.197150892       0.155092587  H.1
  1     1      -0.450313194       0.132638244      -0.116434476  H.1
