              -6730.7026416457
          0.000082427      -0.000001331      -0.000000691
         -0.000001331       0.000106198       0.000001510
         -0.000000691       0.000001510       0.000019302
          67
  5    79      -0.005007230      -0.004065606      -0.000037930  Au.gga.5
  5    79      -0.000785552      -0.006791998      -0.002626040  Au.gga.5
  5    79      -0.000527342      -0.006683259      -0.002801219  Au.gga.5
  5    79       0.005186217      -0.006611762      -0.002275400  Au.gga.5
  5    79      -0.005196954       0.000516785      -0.004749462  Au.gga.5
  5    79       0.001239242       0.000274410      -0.005342637  Au.gga.5
  5    79       0.000097418       0.000761050      -0.005719670  Au.gga.5
  5    79       0.005625985       0.000053128      -0.002235072  Au.gga.5
  5    79      -0.005191378      -0.000323077      -0.002836634  Au.gga.5
  5    79      -0.000408354      -0.000557644      -0.005568944  Au.gga.5
  5    79      -0.000424851      -0.000434071      -0.005680147  Au.gga.5
  5    79       0.004698117      -0.000533396      -0.005072341  Au.gga.5
  5    79      -0.004134185       0.006058477      -0.004233238  Au.gga.5
  5    79       0.001147005       0.006361948      -0.002840190  Au.gga.5
  5    79      -0.000030301       0.006497023      -0.004839424  Au.gga.5
  5    79       0.004014899       0.005022680      -0.000568907  Au.gga.5
  5    79      -0.005190639      -0.007301862       0.008852507  Au.gga.5
  5    79       0.000547971      -0.007114092       0.008877168  Au.gga.5
  5    79       0.000725180      -0.006536261       0.009391734  Au.gga.5
  5    79       0.006153335      -0.004327159       0.010456887  Au.gga.5
  5    79      -0.007072733      -0.000298171       0.007261195  Au.gga.5
  5    79      -0.000653208       0.000719810       0.006743023  Au.gga.5
  5    79      -0.000781491       0.000911845       0.007072510  Au.gga.5
  5    79       0.005679922      -0.000122702       0.006404342  Au.gga.5
  5    79      -0.005896019      -0.001170480       0.008065408  Au.gga.5
  5    79       0.000659958       0.000010689       0.006742106  Au.gga.5
  5    79      -0.000140707      -0.000631064       0.008169377  Au.gga.5
  5    79       0.007559120       0.000210152       0.008537029  Au.gga.5
  5    79      -0.006198667       0.005910172       0.006675628  Au.gga.5
  5    79       0.000566635       0.008323066       0.005728036  Au.gga.5
  5    79      -0.001358872       0.007360281       0.005448346  Au.gga.5
  5    79       0.005212066       0.006857085       0.005501940  Au.gga.5
  3    79      -0.006177134      -0.005011642       0.003571962  Au.gga.3
  3    79      -0.000192183      -0.005662894       0.007704381  Au.gga.3
  3    79      -0.000576382      -0.005538075       0.007371897  Au.gga.3
  3    79       0.005058248      -0.004947774       0.005547566  Au.gga.3
  3    79      -0.005728898       0.000921212       0.011291966  Au.gga.3
  3    79       0.001574962       0.000976335       0.009124127  Au.gga.3
  3    79       0.000818130       0.000869689       0.007022136  Au.gga.3
  3    79       0.006419698       0.001708679       0.006851276  Au.gga.3
  3    79      -0.007347690      -0.000321958       0.007101914  Au.gga.3
  3    79      -0.001060553       0.000581473       0.009193097  Au.gga.3
  3    79      -0.000930098       0.000534267       0.007694033  Au.gga.3
  3    79       0.005828268       0.000360548       0.007770397  Au.gga.3
  3    79      -0.007964305       0.006697214       0.007971670  Au.gga.3
  3    79       0.000450568       0.007074388       0.007205015  Au.gga.3
  3    79       0.000343571       0.006466821       0.006892113  Au.gga.3
  3    79       0.007435460       0.005829120       0.008278075  Au.gga.3
  3    79      -0.006831422      -0.009544072      -0.012793079  Au.gga.3
  3    79       0.005526621      -0.008127982      -0.014743382  Au.gga.3
  3    79      -0.001250770      -0.007029221      -0.010977829  Au.gga.3
  3    79       0.004361014      -0.005829654      -0.011919404  Au.gga.3
  3    79      -0.001987661       0.002300628      -0.011617576  Au.gga.3
  3    79       0.001238371      -0.001045504      -0.007495658  Au.gga.3
  3    79       0.001919318       0.000419407      -0.008587743  Au.gga.3
  3    79       0.001277988      -0.004528176      -0.015860637  Au.gga.3
  3    79      -0.008626581       0.003400146      -0.011027463  Au.gga.3
  3    79      -0.000236973      -0.000598586      -0.009408796  Au.gga.3
  3    79      -0.000766095      -0.000717235      -0.010198565  Au.gga.3
  3    79       0.008091752      -0.001399656      -0.012318058  Au.gga.3
  3    79      -0.005217374       0.003922721      -0.010006482  Au.gga.3
  3    79       0.000742511       0.006265774      -0.011677132  Au.gga.3
  3    79       0.002157596       0.006169695      -0.009872471  Au.gga.3
  3    79       0.005515090       0.002725493      -0.015378690  Au.gga.3
  2     8       0.007208654      -0.004984568       0.007788556  O.2
  1     1       0.003147424       0.001634752      -0.000832198  H.1
  1     1      -0.013654776       0.003748857      -0.006079646  H.1
