              -6730.7031943041
          0.000082412      -0.000001303      -0.000000691
         -0.000001303       0.000106246       0.000001525
         -0.000000691       0.000001525       0.000019372
          67
  5    79      -0.005008091      -0.004066594      -0.000043172  Au.gga.5
  5    79      -0.000792054      -0.006799098      -0.002627126  Au.gga.5
  5    79      -0.000527062      -0.006687593      -0.002806074  Au.gga.5
  5    79       0.005193526      -0.006626454      -0.002279342  Au.gga.5
  5    79      -0.005202990       0.000515790      -0.004747672  Au.gga.5
  5    79       0.001237221       0.000278416      -0.005345267  Au.gga.5
  5    79       0.000090155       0.000765514      -0.005726638  Au.gga.5
  5    79       0.005637571       0.000059996      -0.002233701  Au.gga.5
  5    79      -0.005193408      -0.000317362      -0.002825019  Au.gga.5
  5    79      -0.000410509      -0.000562320      -0.005564467  Au.gga.5
  5    79      -0.000421079      -0.000431957      -0.005683888  Au.gga.5
  5    79       0.004702017      -0.000519559      -0.005068258  Au.gga.5
  5    79      -0.004141115       0.006062590      -0.004227472  Au.gga.5
  5    79       0.001146073       0.006366118      -0.002840991  Au.gga.5
  5    79      -0.000025967       0.006487870      -0.004834794  Au.gga.5
  5    79       0.004015080       0.005021903      -0.000567463  Au.gga.5
  5    79      -0.005180869      -0.007299433       0.008866151  Au.gga.5
  5    79       0.000538681      -0.007122136       0.008890892  Au.gga.5
  5    79       0.000727260      -0.006541958       0.009405085  Au.gga.5
  5    79       0.006149290      -0.004328708       0.010469682  Au.gga.5
  5    79      -0.007072322      -0.000299900       0.007273661  Au.gga.5
  5    79      -0.000648825       0.000720365       0.006770014  Au.gga.5
  5    79      -0.000789009       0.000913789       0.007081344  Au.gga.5
  5    79       0.005684483      -0.000123404       0.006418154  Au.gga.5
  5    79      -0.005895518      -0.001172500       0.008068259  Au.gga.5
  5    79       0.000664092       0.000006394       0.006756911  Au.gga.5
  5    79      -0.000146956      -0.000622947       0.008180449  Au.gga.5
  5    79       0.007555268       0.000202248       0.008549865  Au.gga.5
  5    79      -0.006202601       0.005901527       0.006672559  Au.gga.5
  5    79       0.000565306       0.008335595       0.005740565  Au.gga.5
  5    79      -0.001353786       0.007362927       0.005469012  Au.gga.5
  5    79       0.005204592       0.006858468       0.005511570  Au.gga.5
  3    79      -0.006174370      -0.005019280       0.003576018  Au.gga.3
  3    79      -0.000210274      -0.005676058       0.007735697  Au.gga.3
  3    79      -0.000610385      -0.005536278       0.007400269  Au.gga.3
  3    79       0.005055492      -0.004938587       0.005541225  Au.gga.3
  3    79      -0.005740152       0.000859412       0.011292082  Au.gga.3
  3    79       0.001552781       0.000962860       0.009129370  Au.gga.3
  3    79       0.000799878       0.000883072       0.007020790  Au.gga.3
  3    79       0.006413415       0.001704343       0.006850839  Au.gga.3
  3    79      -0.007365767      -0.000310006       0.007091895  Au.gga.3
  3    79      -0.001056754       0.000588890       0.009188890  Au.gga.3
  3    79      -0.000919166       0.000549983       0.007674918  Au.gga.3
  3    79       0.005826245       0.000369581       0.007764137  Au.gga.3
  3    79      -0.007998702       0.006726545       0.007970822  Au.gga.3
  3    79       0.000455931       0.007103927       0.007258720  Au.gga.3
  3    79       0.000341351       0.006449052       0.006883632  Au.gga.3
  3    79       0.007447669       0.005833852       0.008257032  Au.gga.3
  3    79      -0.006802342      -0.009432715      -0.012776811  Au.gga.3
  3    79       0.005533545      -0.008123755      -0.014761509  Au.gga.3
  3    79      -0.001277470      -0.006984738      -0.010994475  Au.gga.3
  3    79       0.004415808      -0.005796314      -0.011897562  Au.gga.3
  3    79      -0.002098882       0.002293164      -0.011700339  Au.gga.3
  3    79       0.001220237      -0.001026742      -0.007509326  Au.gga.3
  3    79       0.001864402       0.000431325      -0.008628105  Au.gga.3
  3    79       0.001380498      -0.004578799      -0.015841709  Au.gga.3
  3    79      -0.008596374       0.003355035      -0.011021602  Au.gga.3
  3    79      -0.000228269      -0.000635304      -0.009401890  Au.gga.3
  3    79      -0.000784786      -0.000712718      -0.010203497  Au.gga.3
  3    79       0.008047451      -0.001416633      -0.012319136  Au.gga.3
  3    79      -0.005169887       0.003924878      -0.009989089  Au.gga.3
  3    79       0.000722087       0.006241310      -0.011663775  Au.gga.3
  3    79       0.002142464       0.006197827      -0.009901793  Au.gga.3
  3    79       0.005494500       0.002719821      -0.015378699  Au.gga.3
  2     8       0.007234969      -0.004780203       0.008209712  O.2
  1     1       0.002990488       0.001417872      -0.001384951  H.1
  1     1      -0.013547814       0.003795897      -0.006158728  H.1
