              -6730.7688406538
          0.000085674      -0.000002661      -0.000001753
         -0.000002661       0.000107278       0.000002744
         -0.000001753       0.000002744       0.000016339
          67
  5    79      -0.004731927      -0.005286928       0.000150522  Au.gga.5
  5    79      -0.000357495      -0.006501198      -0.002716958  Au.gga.5
  5    79      -0.000787022      -0.006619148      -0.002958203  Au.gga.5
  5    79       0.004895257      -0.006710520      -0.002288480  Au.gga.5
  5    79      -0.005060086       0.000486996      -0.004815140  Au.gga.5
  5    79       0.000811402       0.000503259      -0.005759388  Au.gga.5
  5    79       0.000448562       0.000874762      -0.005611483  Au.gga.5
  5    79       0.005144596       0.000730637      -0.002431159  Au.gga.5
  5    79      -0.005392150      -0.000369312      -0.003063379  Au.gga.5
  5    79      -0.000470811      -0.000524207      -0.005993998  Au.gga.5
  5    79      -0.000604905      -0.000673266      -0.005816949  Au.gga.5
  5    79       0.005057587      -0.000671911      -0.004900834  Au.gga.5
  5    79      -0.004945027       0.006027130      -0.003967152  Au.gga.5
  5    79       0.000720941       0.006268323      -0.004007684  Au.gga.5
  5    79       0.000570624       0.006394121      -0.004829845  Au.gga.5
  5    79       0.004566117       0.005030466      -0.001724236  Au.gga.5
  5    79      -0.005928960      -0.006724886       0.008745721  Au.gga.5
  5    79       0.000866581      -0.006753577       0.008819939  Au.gga.5
  5    79       0.000561063      -0.006730542       0.009329848  Au.gga.5
  5    79       0.006316190      -0.005447616       0.009860765  Au.gga.5
  5    79      -0.007163929       0.000371531       0.007267205  Au.gga.5
  5    79      -0.000630807       0.000865270       0.006451807  Au.gga.5
  5    79      -0.000650836       0.000604707       0.006808680  Au.gga.5
  5    79       0.005948810       0.000608056       0.006704973  Au.gga.5
  5    79      -0.005903296      -0.000834366       0.006816609  Au.gga.5
  5    79       0.000746154      -0.000237777       0.006853474  Au.gga.5
  5    79       0.000638377      -0.000469472       0.007195712  Au.gga.5
  5    79       0.006782612      -0.000339691       0.007686995  Au.gga.5
  5    79      -0.006634567       0.005750413       0.005915237  Au.gga.5
  5    79      -0.000081441       0.007424754       0.004912334  Au.gga.5
  5    79      -0.000883668       0.007276336       0.004807718  Au.gga.5
  5    79       0.005804954       0.006918494       0.005788784  Au.gga.5
  3    79      -0.005846378      -0.004136650       0.005135669  Au.gga.3
  3    79      -0.000570376      -0.004947974       0.007894001  Au.gga.3
  3    79      -0.000813402      -0.005502787       0.007599056  Au.gga.3
  3    79       0.004780711      -0.005422508       0.006817199  Au.gga.3
  3    79      -0.005680029       0.001037251       0.009147006  Au.gga.3
  3    79       0.000972137       0.000992747       0.008507762  Au.gga.3
  3    79       0.000351892       0.001092347       0.007908398  Au.gga.3
  3    79       0.006577874       0.001514466       0.006390821  Au.gga.3
  3    79      -0.007101098       0.000317935       0.007161683  Au.gga.3
  3    79      -0.000439972       0.000394286       0.008671549  Au.gga.3
  3    79      -0.000544495       0.000563188       0.008531659  Au.gga.3
  3    79       0.005281129       0.000728576       0.008033667  Au.gga.3
  3    79      -0.005673195       0.006676145       0.006838779  Au.gga.3
  3    79       0.000769292       0.006674980       0.006805370  Au.gga.3
  3    79       0.000108862       0.006891314       0.006984439  Au.gga.3
  3    79       0.006297125       0.005905724       0.007767617  Au.gga.3
  3    79      -0.001938081      -0.003665177      -0.013215471  Au.gga.3
  3    79      -0.003117128      -0.005071208      -0.010109496  Au.gga.3
  3    79       0.000157014      -0.006139206      -0.011627527  Au.gga.3
  3    79       0.005042507      -0.005794558      -0.013480016  Au.gga.3
  3    79      -0.003884027      -0.004838140      -0.007466574  Au.gga.3
  3    79       0.000095185      -0.001012598      -0.008947742  Au.gga.3
  3    79       0.000590458      -0.000213164      -0.010436525  Au.gga.3
  3    79       0.003959960      -0.001827914      -0.010849628  Au.gga.3
  3    79      -0.004154822      -0.000259909      -0.012006020  Au.gga.3
  3    79      -0.001216348      -0.001224222      -0.009422170  Au.gga.3
  3    79      -0.000266742      -0.000966753      -0.009452198  Au.gga.3
  3    79       0.004462818      -0.000588333      -0.010940800  Au.gga.3
  3    79      -0.004058779       0.004364714      -0.011069785  Au.gga.3
  3    79       0.000717054       0.004000526      -0.011055351  Au.gga.3
  3    79       0.000519669       0.004739682      -0.010033280  Au.gga.3
  3    79       0.004562847       0.004501202      -0.014489038  Au.gga.3
  2     8      -0.053605962      -0.348323458       0.081298837  O.2
  1     1       0.272246813       0.237747973      -0.011441934  H.1
  1     1      -0.219498499       0.110932190      -0.068799603  H.1
