              -6730.7172928876
          0.000078608       0.000000063      -0.000000971
          0.000000063       0.000104643       0.000000717
         -0.000000971       0.000000717       0.000018436
          67
  5    79      -0.004881590      -0.004260252       0.000056118  Au.gga.5
  5    79      -0.000488524      -0.006827465      -0.002931721  Au.gga.5
  5    79      -0.000804237      -0.006911782      -0.002883286  Au.gga.5
  5    79       0.004937114      -0.006518470      -0.002075157  Au.gga.5
  5    79      -0.005283010       0.000139964      -0.004789397  Au.gga.5
  5    79       0.001031866       0.000564288      -0.005698716  Au.gga.5
  5    79       0.000114351       0.001057487      -0.005835523  Au.gga.5
  5    79       0.005641553       0.000032877      -0.002482139  Au.gga.5
  5    79      -0.005371501      -0.000715698      -0.001749661  Au.gga.5
  5    79       0.000380525      -0.000511100      -0.005345800  Au.gga.5
  5    79      -0.000486500      -0.000610126      -0.006563695  Au.gga.5
  5    79       0.004272628      -0.000531177      -0.004693658  Au.gga.5
  5    79      -0.003795570       0.006549874      -0.003468741  Au.gga.5
  5    79       0.001141765       0.006307399      -0.003899659  Au.gga.5
  5    79      -0.000088676       0.006224491      -0.005099752  Au.gga.5
  5    79       0.003828881       0.005008869      -0.000146391  Au.gga.5
  5    79      -0.004899693      -0.007926339       0.007900627  Au.gga.5
  5    79       0.000878395      -0.007116197       0.008925399  Au.gga.5
  5    79       0.000430044      -0.006864019       0.009058601  Au.gga.5
  5    79       0.005938758      -0.004940707       0.010411847  Au.gga.5
  5    79      -0.007117068       0.000280283       0.007253803  Au.gga.5
  5    79      -0.000546649       0.000977245       0.006888908  Au.gga.5
  5    79      -0.001112730       0.000787493       0.007020915  Au.gga.5
  5    79       0.006058477       0.000216539       0.006248108  Au.gga.5
  5    79      -0.005358765      -0.001088913       0.007747589  Au.gga.5
  5    79       0.000518212      -0.000168402       0.007067662  Au.gga.5
  5    79       0.000173399      -0.000502683       0.007907926  Au.gga.5
  5    79       0.006859456      -0.000280931       0.008897886  Au.gga.5
  5    79      -0.005791465       0.006474129       0.005837023  Au.gga.5
  5    79      -0.000224463       0.008379149       0.006132116  Au.gga.5
  5    79      -0.001403172       0.007562806       0.005480271  Au.gga.5
  5    79       0.005138843       0.006949707       0.005847656  Au.gga.5
  3    79      -0.006321166      -0.005619270       0.005414598  Au.gga.3
  3    79      -0.000044296      -0.005593162       0.007397415  Au.gga.3
  3    79      -0.000902776      -0.005343835       0.007827090  Au.gga.3
  3    79       0.004972611      -0.005583828       0.007384164  Au.gga.3
  3    79      -0.005456620      -0.000358186       0.011968712  Au.gga.3
  3    79       0.001619727       0.001113477       0.008916781  Au.gga.3
  3    79       0.000059510       0.001249920       0.007536541  Au.gga.3
  3    79       0.005519228      -0.000412102       0.008594767  Au.gga.3
  3    79      -0.007756598       0.000625772       0.006156424  Au.gga.3
  3    79      -0.001264290       0.000532660       0.009103203  Au.gga.3
  3    79      -0.000331501      -0.000332784       0.007794569  Au.gga.3
  3    79       0.005108078       0.000963507       0.007031973  Au.gga.3
  3    79      -0.009225977       0.006973627       0.008600741  Au.gga.3
  3    79      -0.000195036       0.007894914       0.009928524  Au.gga.3
  3    79       0.001501466       0.007091534       0.007586298  Au.gga.3
  3    79       0.009091039       0.005349817       0.008236586  Au.gga.3
  3    79      -0.015983075      -0.002425645      -0.002042739  Au.gga.3
  3    79       0.017421161      -0.014307871      -0.019941170  Au.gga.3
  3    79      -0.001407658      -0.007841807      -0.009579458  Au.gga.3
  3    79       0.009967483      -0.002968229      -0.016891519  Au.gga.3
  3    79      -0.006110245       0.006409407      -0.014792765  Au.gga.3
  3    79       0.001238431       0.000204337      -0.007932437  Au.gga.3
  3    79       0.001456958       0.000303755      -0.009471268  Au.gga.3
  3    79       0.007376597      -0.009169775      -0.007267964  Au.gga.3
  3    79      -0.007281413       0.001399661      -0.012031357  Au.gga.3
  3    79       0.000431996      -0.000378425      -0.009919532  Au.gga.3
  3    79      -0.000516113      -0.000958861      -0.009954023  Au.gga.3
  3    79       0.006096025       0.000577329      -0.012255370  Au.gga.3
  3    79      -0.005155592       0.002747259      -0.010657919  Au.gga.3
  3    79       0.000333421       0.006160643      -0.010886610  Au.gga.3
  3    79       0.001594150       0.006858708      -0.010263761  Au.gga.3
  3    79       0.006327633       0.004624983      -0.013803418  Au.gga.3
  2     8      -0.022170588      -0.014596557      -0.047777553  O.2
  1     1       0.019510840       0.014242134       0.057873319  H.1
  1     1      -0.009540351      -0.001086092      -0.023270417  H.1
