              -6730.7196240256
          0.000077920       0.000000374      -0.000000756
          0.000000374       0.000103951       0.000000687
         -0.000000756       0.000000687       0.000018061
          67
  5    79      -0.004821633      -0.004369043       0.000160344  Au.gga.5
  5    79      -0.000484160      -0.006823492      -0.002984840  Au.gga.5
  5    79      -0.000881475      -0.006945439      -0.002920109  Au.gga.5
  5    79       0.004883922      -0.006445831      -0.002067977  Au.gga.5
  5    79      -0.005271198       0.000092194      -0.004779268  Au.gga.5
  5    79       0.000982293       0.000586970      -0.005775391  Au.gga.5
  5    79       0.000180118       0.001106166      -0.005924202  Au.gga.5
  5    79       0.005574081       0.000036796      -0.002534046  Au.gga.5
  5    79      -0.005325822      -0.000730717      -0.001715476  Au.gga.5
  5    79       0.000389029      -0.000440211      -0.005262434  Au.gga.5
  5    79      -0.000481483      -0.000651449      -0.006648011  Au.gga.5
  5    79       0.004226055      -0.000586695      -0.004698774  Au.gga.5
  5    79      -0.003780535       0.006572820      -0.003396193  Au.gga.5
  5    79       0.001079465       0.006274641      -0.004047418  Au.gga.5
  5    79      -0.000067084       0.006225048      -0.005091729  Au.gga.5
  5    79       0.003915483       0.005027847      -0.000148617  Au.gga.5
  5    79      -0.005023952      -0.007975941       0.007772411  Au.gga.5
  5    79       0.000949117      -0.007069306       0.008940696  Au.gga.5
  5    79       0.000427069      -0.006985674       0.009004082  Au.gga.5
  5    79       0.005982588      -0.005180907       0.010373284  Au.gga.5
  5    79      -0.007100931       0.000341094       0.007212584  Au.gga.5
  5    79      -0.000547747       0.000993051       0.006869104  Au.gga.5
  5    79      -0.001125128       0.000695730       0.007002892  Au.gga.5
  5    79       0.006123906       0.000270535       0.006345161  Au.gga.5
  5    79      -0.005366369      -0.001039860       0.007621208  Au.gga.5
  5    79       0.000525658      -0.000191816       0.007080221  Au.gga.5
  5    79       0.000229230      -0.000570457       0.007847891  Au.gga.5
  5    79       0.006905253      -0.000411072       0.008940612  Au.gga.5
  5    79      -0.005798264       0.006664158       0.005801720  Au.gga.5
  5    79      -0.000327607       0.008328224       0.006140544  Au.gga.5
  5    79      -0.001346723       0.007648067       0.005463576  Au.gga.5
  5    79       0.005185501       0.007116172       0.005933180  Au.gga.5
  3    79      -0.006094810      -0.005716948       0.005900002  Au.gga.3
  3    79       0.000054233      -0.005732050       0.007275793  Au.gga.3
  3    79      -0.000989476      -0.005332175       0.007910053  Au.gga.3
  3    79       0.004998171      -0.005448204       0.007366381  Au.gga.3
  3    79      -0.005490782      -0.000279261       0.011507621  Au.gga.3
  3    79       0.001555712       0.001130170       0.008948567  Au.gga.3
  3    79       0.000050242       0.001236227       0.007631247  Au.gga.3
  3    79       0.005529341      -0.000646201       0.008922496  Au.gga.3
  3    79      -0.007766685       0.000657142       0.006149662  Au.gga.3
  3    79      -0.001169460       0.000485839       0.009059531  Au.gga.3
  3    79      -0.000357484      -0.000305287       0.007963388  Au.gga.3
  3    79       0.005085130       0.000896474       0.007023140  Au.gga.3
  3    79      -0.009362281       0.006924117       0.008520075  Au.gga.3
  3    79       0.000348377       0.007919315       0.010148172  Au.gga.3
  3    79       0.001284947       0.006901898       0.007406272  Au.gga.3
  3    79       0.009479796       0.005301928       0.008274500  Au.gga.3
  3    79      -0.017036265      -0.003915214      -0.002676429  Au.gga.3
  3    79       0.019027328      -0.014105444      -0.020172523  Au.gga.3
  3    79      -0.001054426      -0.008091245      -0.009038247  Au.gga.3
  3    79       0.012928944      -0.001312180      -0.016298537  Au.gga.3
  3    79      -0.006034350       0.007370066      -0.014943671  Au.gga.3
  3    79       0.001029566       0.000238310      -0.007831844  Au.gga.3
  3    79       0.001801962       0.000131889      -0.009330718  Au.gga.3
  3    79       0.006646479      -0.007977972      -0.007052393  Au.gga.3
  3    79      -0.006680572       0.001129840      -0.012175724  Au.gga.3
  3    79       0.000721592      -0.000410659      -0.009974509  Au.gga.3
  3    79      -0.000398132      -0.001039550      -0.009914858  Au.gga.3
  3    79       0.005792997       0.000882260      -0.012196490  Au.gga.3
  3    79      -0.005350545       0.002479884      -0.010769252  Au.gga.3
  3    79       0.000101881       0.006293020      -0.010742922  Au.gga.3
  3    79       0.001416765       0.007064105      -0.010268496  Au.gga.3
  3    79       0.006618874       0.005041612      -0.013479562  Au.gga.3
  2     8      -0.021918022      -0.013793801      -0.056640603  O.2
  1     1       0.017164830       0.012818540       0.066324042  H.1
  1     1      -0.010687302      -0.002825275      -0.023353084  H.1
