              -6730.7274209168
          0.000076943       0.000000824      -0.000000280
          0.000000824       0.000103001       0.000000876
         -0.000000280       0.000000876       0.000018318
          67
  5    79      -0.004813737      -0.004586033       0.000339608  Au.gga.5
  5    79      -0.000475144      -0.006763466      -0.002978602  Au.gga.5
  5    79      -0.000969990      -0.007013852      -0.002974336  Au.gga.5
  5    79       0.004852366      -0.006406933      -0.002124138  Au.gga.5
  5    79      -0.005242616       0.000126137      -0.004723103  Au.gga.5
  5    79       0.000931474       0.000598491      -0.005829941  Au.gga.5
  5    79       0.000248052       0.001189983      -0.006108263  Au.gga.5
  5    79       0.005496243       0.000159139      -0.002604891  Au.gga.5
  5    79      -0.005353729      -0.000694290      -0.001727206  Au.gga.5
  5    79       0.000278343      -0.000388984      -0.005213145  Au.gga.5
  5    79      -0.000487884      -0.000696852      -0.006581207  Au.gga.5
  5    79       0.004231356      -0.000738764      -0.004869586  Au.gga.5
  5    79      -0.003847213       0.006563105      -0.003354728  Au.gga.5
  5    79       0.001084066       0.006209263      -0.004203167  Au.gga.5
  5    79      -0.000022368       0.006253586      -0.005036632  Au.gga.5
  5    79       0.004091402       0.005082577      -0.000247844  Au.gga.5
  5    79      -0.005274905      -0.007856033       0.007746543  Au.gga.5
  5    79       0.000934985      -0.006944661       0.009092134  Au.gga.5
  5    79       0.000490761      -0.007160639       0.008997122  Au.gga.5
  5    79       0.006124615      -0.005668075       0.010332353  Au.gga.5
  5    79      -0.007174146       0.000339499       0.007202559  Au.gga.5
  5    79      -0.000527352       0.000912550       0.006893597  Au.gga.5
  5    79      -0.001199402       0.000593893       0.006999472  Au.gga.5
  5    79       0.006186941       0.000400478       0.006666593  Au.gga.5
  5    79      -0.005599894      -0.001140801       0.007487764  Au.gga.5
  5    79       0.000729986      -0.000274102       0.007159610  Au.gga.5
  5    79       0.000250891      -0.000548910       0.007787511  Au.gga.5
  5    79       0.007112954      -0.000472105       0.009015200  Au.gga.5
  5    79      -0.005987826       0.006930049       0.005962137  Au.gga.5
  5    79      -0.000323945       0.008345351       0.006115054  Au.gga.5
  5    79      -0.001226440       0.007661660       0.005511527  Au.gga.5
  5    79       0.005250921       0.007355115       0.006082745  Au.gga.5
  3    79      -0.005654736      -0.005648936       0.006639260  Au.gga.3
  3    79       0.000149514      -0.006082739       0.007146210  Au.gga.3
  3    79      -0.001149461      -0.005285871       0.008064221  Au.gga.3
  3    79       0.004986485      -0.004962921       0.006618058  Au.gga.3
  3    79      -0.005482053       0.000157977       0.010048015  Au.gga.3
  3    79       0.001317729       0.001097729       0.009007607  Au.gga.3
  3    79       0.000267488       0.001231926       0.007607135  Au.gga.3
  3    79       0.005626777      -0.000593708       0.008725473  Au.gga.3
  3    79      -0.007417635       0.000641126       0.006307554  Au.gga.3
  3    79      -0.000834708       0.000361622       0.008734531  Au.gga.3
  3    79      -0.000465420      -0.000175535       0.008168188  Au.gga.3
  3    79       0.005463248       0.000528990       0.007152930  Au.gga.3
  3    79      -0.009302225       0.006780567       0.008021995  Au.gga.3
  3    79       0.000798064       0.007826871       0.009990811  Au.gga.3
  3    79       0.000571371       0.006494309       0.006981455  Au.gga.3
  3    79       0.009977770       0.005327163       0.008723766  Au.gga.3
  3    79      -0.017284569      -0.007252881      -0.005766294  Au.gga.3
  3    79       0.017514376      -0.012161343      -0.018878823  Au.gga.3
  3    79      -0.000115375      -0.008160530      -0.008031918  Au.gga.3
  3    79       0.018413568       0.002183108      -0.015057286  Au.gga.3
  3    79      -0.005195360       0.007553817      -0.014175618  Au.gga.3
  3    79       0.000921232      -0.000235820      -0.007772592  Au.gga.3
  3    79       0.002051501      -0.000098006      -0.009300110  Au.gga.3
  3    79       0.005393263      -0.005371150      -0.007452977  Au.gga.3
  3    79      -0.007048763       0.000984958      -0.012240746  Au.gga.3
  3    79       0.000819086      -0.000479937      -0.009963723  Au.gga.3
  3    79      -0.000331168      -0.001007051      -0.010002807  Au.gga.3
  3    79       0.005258871       0.000906213      -0.011945914  Au.gga.3
  3    79      -0.005180518       0.002235028      -0.010589840  Au.gga.3
  3    79      -0.000325192       0.006543773      -0.010454840  Au.gga.3
  3    79       0.000585007       0.007500801      -0.010206612  Au.gga.3
  3    79       0.007099271       0.005386606      -0.013203335  Au.gga.3
  2     8      -0.013929774      -0.006634094      -0.044728948  O.2
  1     1       0.007939725       0.004970766       0.051760983  H.1
  1     1      -0.014513402      -0.006176625      -0.020467472  H.1
