              -6730.7023699323
          0.000078630      -0.000002131      -0.000006409
         -0.000002131       0.000101688      -0.000000589
         -0.000006409      -0.000000589       0.000013288
          67
  5    79      -0.004744329      -0.005327755       0.000183603  Au.gga.5
  5    79      -0.000327960      -0.006649566      -0.002620798  Au.gga.5
  5    79      -0.000828618      -0.006716563      -0.002995796  Au.gga.5
  5    79       0.004843190      -0.006806174      -0.002510776  Au.gga.5
  5    79      -0.005112150       0.000533143      -0.004861607  Au.gga.5
  5    79       0.000912541       0.000430139      -0.005891272  Au.gga.5
  5    79       0.000478039       0.000914999      -0.005671819  Au.gga.5
  5    79       0.005125558       0.000748852      -0.002359193  Au.gga.5
  5    79      -0.005509977      -0.000425085      -0.003371600  Au.gga.5
  5    79      -0.000442938      -0.000592493      -0.006171294  Au.gga.5
  5    79      -0.000574338      -0.000741067      -0.005728555  Au.gga.5
  5    79       0.005046731      -0.000613945      -0.004913469  Au.gga.5
  5    79      -0.004874022       0.006083849      -0.004297068  Au.gga.5
  5    79       0.000726545       0.006252806      -0.003754240  Au.gga.5
  5    79       0.000602026       0.006303159      -0.005081629  Au.gga.5
  5    79       0.004504969       0.004829202      -0.001961505  Au.gga.5
  5    79      -0.005952592      -0.006799060       0.008423374  Au.gga.5
  5    79       0.000859108      -0.006808497       0.008546357  Au.gga.5
  5    79       0.000755438      -0.006774722       0.009272304  Au.gga.5
  5    79       0.006297799      -0.005166320       0.009867546  Au.gga.5
  5    79      -0.007215682       0.000295986       0.006936680  Au.gga.5
  5    79      -0.000610032       0.000994066       0.006291909  Au.gga.5
  5    79      -0.000668469       0.000627369       0.006959538  Au.gga.5
  5    79       0.005975520       0.000604691       0.006619767  Au.gga.5
  5    79      -0.005791365      -0.000979845       0.006566022  Au.gga.5
  5    79       0.000680355      -0.000217648       0.006868148  Au.gga.5
  5    79       0.000735361      -0.000574420       0.007286812  Au.gga.5
  5    79       0.006636273      -0.000160607       0.007816493  Au.gga.5
  5    79      -0.006717616       0.005610299       0.005823222  Au.gga.5
  5    79       0.000146160       0.007543673       0.004650212  Au.gga.5
  5    79      -0.001000082       0.007286464       0.004520045  Au.gga.5
  5    79       0.005690667       0.006765142       0.005808531  Au.gga.5
  3    79      -0.005743774      -0.003908463       0.004331329  Au.gga.3
  3    79      -0.000611607      -0.004730898       0.007988272  Au.gga.3
  3    79      -0.000843206      -0.005500013       0.007708177  Au.gga.3
  3    79       0.004623673      -0.005524724       0.006348357  Au.gga.3
  3    79      -0.005658740       0.001132732       0.009632581  Au.gga.3
  3    79       0.001169667       0.001021195       0.008623710  Au.gga.3
  3    79       0.000391350       0.001164688       0.007478618  Au.gga.3
  3    79       0.006480984       0.001721082       0.006219538  Au.gga.3
  3    79      -0.007322310       0.000141236       0.007114072  Au.gga.3
  3    79      -0.000450351       0.000253510       0.008669031  Au.gga.3
  3    79      -0.000547790       0.000580191       0.008250237  Au.gga.3
  3    79       0.005305304       0.000741987       0.007822421  Au.gga.3
  3    79      -0.005655763       0.006319004       0.006302832  Au.gga.3
  3    79       0.000828439       0.006358124       0.006596880  Au.gga.3
  3    79      -0.000074654       0.006775425       0.007031783  Au.gga.3
  3    79       0.006652528       0.005749741       0.008595985  Au.gga.3
  3    79      -0.002374524      -0.004499615      -0.014291574  Au.gga.3
  3    79      -0.004217385      -0.003882260      -0.009172445  Au.gga.3
  3    79       0.000164754      -0.006018432      -0.011477785  Au.gga.3
  3    79       0.004896355      -0.005647951      -0.014212498  Au.gga.3
  3    79      -0.003543085      -0.006751047      -0.006486272  Au.gga.3
  3    79      -0.000476530      -0.001348814      -0.008163588  Au.gga.3
  3    79       0.000743599       0.000093261      -0.010559726  Au.gga.3
  3    79       0.003563221      -0.001844575      -0.012691622  Au.gga.3
  3    79      -0.003474391       0.000472208      -0.011902742  Au.gga.3
  3    79      -0.000886450      -0.001399587      -0.009401651  Au.gga.3
  3    79      -0.000329579      -0.000853952      -0.009603717  Au.gga.3
  3    79       0.005016734      -0.000311851      -0.011615514  Au.gga.3
  3    79      -0.003448084       0.004166444      -0.011015781  Au.gga.3
  3    79      -0.000026894       0.003833094      -0.011551500  Au.gga.3
  3    79       0.001124572       0.005118624      -0.009722676  Au.gga.3
  3    79       0.004638988       0.005220736      -0.015298857  Au.gga.3
  2     8       0.115317818      -0.559152958       0.001879848  O.2
  1     1       0.317196220       0.376290090       0.133932175  H.1
  1     1      -0.432403788       0.183863619      -0.127557151  H.1
