              -6730.7661644496
          0.000081547       0.000000486      -0.000004330
          0.000000486       0.000108233      -0.000001540
         -0.000004330      -0.000001540       0.000010341
          67
  5    79      -0.004762173      -0.005345017       0.000183945  Au.gga.5
  5    79      -0.000323796      -0.006847224      -0.002587697  Au.gga.5
  5    79      -0.000825613      -0.006818152      -0.003023347  Au.gga.5
  5    79       0.004790062      -0.006919224      -0.002697350  Au.gga.5
  5    79      -0.005230977       0.000441562      -0.004739708  Au.gga.5
  5    79       0.001075631       0.000307999      -0.006021370  Au.gga.5
  5    79       0.000474668       0.000879640      -0.005707900  Au.gga.5
  5    79       0.005181743       0.000693542      -0.002273749  Au.gga.5
  5    79      -0.005744181      -0.000412815      -0.003585330  Au.gga.5
  5    79      -0.000266034      -0.000515538      -0.006362130  Au.gga.5
  5    79      -0.000650861      -0.000727385      -0.005676205  Au.gga.5
  5    79       0.005057572      -0.000634197      -0.005017722  Au.gga.5
  5    79      -0.004761384       0.006131110      -0.004742312  Au.gga.5
  5    79       0.000844380       0.006169049      -0.003712938  Au.gga.5
  5    79       0.000360637       0.006225592      -0.005369341  Au.gga.5
  5    79       0.004548648       0.004622693      -0.002231501  Au.gga.5
  5    79      -0.005949146      -0.006864917       0.008203817  Au.gga.5
  5    79       0.000791719      -0.006884462       0.008331193  Au.gga.5
  5    79       0.000825055      -0.006747332       0.009086243  Au.gga.5
  5    79       0.006423830      -0.004692219       0.009804960  Au.gga.5
  5    79      -0.007385523       0.000195802       0.006715124  Au.gga.5
  5    79      -0.000464622       0.001014463       0.006114397  Au.gga.5
  5    79      -0.000673587       0.000691266       0.007060037  Au.gga.5
  5    79       0.006010346       0.000480519       0.006490523  Au.gga.5
  5    79      -0.005846384      -0.000835435       0.006407248  Au.gga.5
  5    79       0.000672644      -0.000254594       0.006978939  Au.gga.5
  5    79       0.000610530      -0.000634476       0.007320749  Au.gga.5
  5    79       0.006896546       0.000062094       0.008195257  Au.gga.5
  5    79      -0.006598217       0.005467593       0.005885205  Au.gga.5
  5    79       0.000261904       0.007644478       0.004372185  Au.gga.5
  5    79      -0.001094943       0.007294844       0.004414487  Au.gga.5
  5    79       0.005164887       0.006515410       0.005051736  Au.gga.5
  3    79      -0.006232392      -0.003842220       0.003730172  Au.gga.3
  3    79      -0.000063060      -0.004849243       0.007016771  Au.gga.3
  3    79      -0.000731381      -0.005606195       0.007738108  Au.gga.3
  3    79       0.004788260      -0.005521568       0.006138395  Au.gga.3
  3    79      -0.005743696       0.001430328       0.009801340  Au.gga.3
  3    79       0.001527188       0.001126011       0.008811657  Au.gga.3
  3    79       0.000555612       0.000944073       0.007264335  Au.gga.3
  3    79       0.006180938       0.001348996       0.006690364  Au.gga.3
  3    79      -0.007316421      -0.000036845       0.006889269  Au.gga.3
  3    79      -0.000494615       0.000317387       0.008608379  Au.gga.3
  3    79      -0.000753130       0.000518620       0.008042760  Au.gga.3
  3    79       0.005400076       0.000598033       0.007546553  Au.gga.3
  3    79      -0.005731238       0.005808408       0.005708479  Au.gga.3
  3    79       0.001103549       0.006100983       0.006161428  Au.gga.3
  3    79      -0.000208749       0.006619837       0.007134187  Au.gga.3
  3    79       0.006069772       0.005403444       0.007932988  Au.gga.3
  3    79      -0.007809619      -0.007129979      -0.014599917  Au.gga.3
  3    79      -0.001227101      -0.004715308      -0.011973067  Au.gga.3
  3    79      -0.000311941      -0.006013657      -0.011127553  Au.gga.3
  3    79       0.005911977      -0.005093520      -0.014419159  Au.gga.3
  3    79      -0.003055887      -0.006147763      -0.006593934  Au.gga.3
  3    79      -0.000632277      -0.001271181      -0.007597617  Au.gga.3
  3    79       0.000931274       0.000035144      -0.009803386  Au.gga.3
  3    79       0.003520636      -0.000530682      -0.017772335  Au.gga.3
  3    79      -0.004428228       0.000812646      -0.011634928  Au.gga.3
  3    79      -0.001187001      -0.001752945      -0.009256410  Au.gga.3
  3    79      -0.000590119      -0.000726738      -0.009706020  Au.gga.3
  3    79       0.006176359       0.000046159      -0.012517014  Au.gga.3
  3    79      -0.003702252       0.003556382      -0.010970883  Au.gga.3
  3    79       0.000175219       0.004171791      -0.012082766  Au.gga.3
  3    79       0.000801782       0.005625185      -0.009494977  Au.gga.3
  3    79       0.004764525       0.005673202      -0.015596459  Au.gga.3
  2     8       0.263465725      -0.174578914      -0.002542795  O.2
  1     1       0.059082918       0.103870306       0.102538448  H.1
  1     1      -0.321273997       0.073937045      -0.076930370  H.1
