              -6730.7153410946
          0.000080152      -0.000000459      -0.000000958
         -0.000000459       0.000105782       0.000001077
         -0.000000958       0.000001077       0.000019492
          67
  5    79      -0.004951526      -0.004076363      -0.000063052  Au.gga.5
  5    79      -0.000559426      -0.006856592      -0.002808546  Au.gga.5
  5    79      -0.000696327      -0.006808886      -0.002846169  Au.gga.5
  5    79       0.005043176      -0.006608028      -0.002157001  Au.gga.5
  5    79      -0.005282292       0.000266538      -0.004795661  Au.gga.5
  5    79       0.001163564       0.000491761      -0.005543128  Au.gga.5
  5    79       0.000002930       0.000972629      -0.005740928  Au.gga.5
  5    79       0.005727448       0.000045215      -0.002386609  Au.gga.5
  5    79      -0.005371773      -0.000551492      -0.001986004  Au.gga.5
  5    79       0.000224742      -0.000612340      -0.005468573  Au.gga.5
  5    79      -0.000466996      -0.000546874      -0.006280261  Au.gga.5
  5    79       0.004406538      -0.000467278      -0.004851506  Au.gga.5
  5    79      -0.003907099       0.006429727      -0.003737592  Au.gga.5
  5    79       0.001217853       0.006375241      -0.003519657  Au.gga.5
  5    79      -0.000101356       0.006263317      -0.005089045  Au.gga.5
  5    79       0.003826315       0.004992289      -0.000297201  Au.gga.5
  5    79      -0.004872312      -0.007776620       0.008200340  Au.gga.5
  5    79       0.000677142      -0.007154860       0.008864913  Au.gga.5
  5    79       0.000497649      -0.006663208       0.009172023  Au.gga.5
  5    79       0.005981190      -0.004568139       0.010453322  Au.gga.5
  5    79      -0.007155159       0.000124649       0.007233634  Au.gga.5
  5    79      -0.000509436       0.000915105       0.006888953  Au.gga.5
  5    79      -0.001042376       0.000928850       0.007017708  Au.gga.5
  5    79       0.005974190       0.000075099       0.006273962  Au.gga.5
  5    79      -0.005546647      -0.001155834       0.007989746  Au.gga.5
  5    79       0.000591132      -0.000126007       0.006982311  Au.gga.5
  5    79      -0.000012924      -0.000533128       0.007992792  Au.gga.5
  5    79       0.007084106      -0.000106140       0.008773216  Au.gga.5
  5    79      -0.005932717       0.006120781       0.006049819  Au.gga.5
  5    79       0.000073003       0.008464086       0.005997505  Au.gga.5
  5    79      -0.001382616       0.007455997       0.005474982  Au.gga.5
  5    79       0.005061875       0.006849486       0.005631957  Au.gga.5
  3    79      -0.006291641      -0.005464533       0.004425275  Au.gga.3
  3    79      -0.000113941      -0.005473727       0.007632902  Au.gga.3
  3    79      -0.000770065      -0.005431540       0.007785193  Au.gga.3
  3    79       0.004856506      -0.005523034       0.007140619  Au.gga.3
  3    79      -0.005559932      -0.000221738       0.012405860  Au.gga.3
  3    79       0.001715937       0.001122960       0.008981686  Au.gga.3
  3    79       0.000294372       0.001229769       0.007280557  Au.gga.3
  3    79       0.005753462       0.000245382       0.008155924  Au.gga.3
  3    79      -0.007631750       0.000436006       0.006446658  Au.gga.3
  3    79      -0.001199617       0.000566287       0.009048640  Au.gga.3
  3    79      -0.000364608      -0.000092113       0.007712377  Au.gga.3
  3    79       0.005349935       0.000884548       0.007183886  Au.gga.3
  3    79      -0.008979296       0.006955853       0.008509920  Au.gga.3
  3    79      -0.000281227       0.007607506       0.009038228  Au.gga.3
  3    79       0.001451230       0.007108707       0.007629994  Au.gga.3
  3    79       0.008425303       0.005530925       0.008348281  Au.gga.3
  3    79      -0.011836842      -0.001710184      -0.003577016  Au.gga.3
  3    79       0.012368308      -0.012578919      -0.017806807  Au.gga.3
  3    79      -0.001078434      -0.007273115      -0.010331264  Au.gga.3
  3    79       0.006507994      -0.004838215      -0.016157437  Au.gga.3
  3    79      -0.005323904       0.003215835      -0.012766706  Au.gga.3
  3    79       0.002028984      -0.000321454      -0.007712435  Au.gga.3
  3    79       0.000936751       0.000579815      -0.009675703  Au.gga.3
  3    79       0.007584709      -0.010134984      -0.008828382  Au.gga.3
  3    79      -0.007276080       0.002075846      -0.011635179  Au.gga.3
  3    79      -0.000209771      -0.000550254      -0.009860214  Au.gga.3
  3    79      -0.000824059      -0.000840012      -0.010117666  Au.gga.3
  3    79       0.006621563      -0.000192420      -0.012384708  Au.gga.3
  3    79      -0.004866604       0.003195258      -0.010437807  Au.gga.3
  3    79       0.000349476       0.006092093      -0.011115985  Au.gga.3
  3    79       0.001505773       0.006531111      -0.010234310  Au.gga.3
  3    79       0.006007882       0.003664764      -0.014493642  Au.gga.3
  2     8      -0.011329752      -0.007510365      -0.015699137  O.2
  1     1       0.013673750       0.007348140       0.023646783  H.1
  1     1      -0.010385474       0.001522687      -0.020141844  H.1
