              -6730.8097244725
          0.000092328      -0.000001171      -0.000000140
         -0.000001171       0.000111900       0.000002775
         -0.000000140       0.000002775       0.000017246
          67
  5    79      -0.004728362      -0.005249619       0.000106271  Au.gga.5
  5    79      -0.000375300      -0.006406724      -0.002794608  Au.gga.5
  5    79      -0.000764164      -0.006558473      -0.002911372  Au.gga.5
  5    79       0.004915637      -0.006666212      -0.002154666  Au.gga.5
  5    79      -0.005047052       0.000419208      -0.004761304  Au.gga.5
  5    79       0.000762206       0.000552471      -0.005695658  Au.gga.5
  5    79       0.000430352       0.000845817      -0.005591775  Au.gga.5
  5    79       0.005188796       0.000729476      -0.002469494  Au.gga.5
  5    79      -0.005376984      -0.000338338      -0.002819452  Au.gga.5
  5    79      -0.000423362      -0.000432030      -0.005870807  Au.gga.5
  5    79      -0.000652872      -0.000618426      -0.005858592  Au.gga.5
  5    79       0.005068155      -0.000715336      -0.004879807  Au.gga.5
  5    79      -0.004963752       0.005989452      -0.003737222  Au.gga.5
  5    79       0.000733652       0.006257400      -0.004245371  Au.gga.5
  5    79       0.000502776       0.006430389      -0.004667044  Au.gga.5
  5    79       0.004629122       0.005157186      -0.001569534  Au.gga.5
  5    79      -0.005892505      -0.006680281       0.008977176  Au.gga.5
  5    79       0.000877482      -0.006718279       0.009010610  Au.gga.5
  5    79       0.000448438      -0.006713905       0.009305608  Au.gga.5
  5    79       0.006343052      -0.005602572       0.009833201  Au.gga.5
  5    79      -0.007153923       0.000390604       0.007418373  Au.gga.5
  5    79      -0.000569171       0.000771846       0.006557270  Au.gga.5
  5    79      -0.000660096       0.000569846       0.006716798  Au.gga.5
  5    79       0.005914327       0.000575599       0.006749938  Au.gga.5
  5    79      -0.005971533      -0.000645208       0.006965028  Au.gga.5
  5    79       0.000774798      -0.000276471       0.006910540  Au.gga.5
  5    79       0.000546354      -0.000399586       0.007150612  Au.gga.5
  5    79       0.006949169      -0.000423044       0.007723580  Au.gga.5
  5    79      -0.006567177       0.005839313       0.006008326  Au.gga.5
  5    79      -0.000222302       0.007343197       0.005076870  Au.gga.5
  5    79      -0.000812370       0.007269681       0.004993445  Au.gga.5
  5    79       0.005820053       0.007024316       0.005652065  Au.gga.5
  3    79      -0.005966112      -0.004282107       0.005532645  Au.gga.3
  3    79      -0.000491747      -0.005147289       0.007826310  Au.gga.3
  3    79      -0.000767278      -0.005466181       0.007502730  Au.gga.3
  3    79       0.005074762      -0.005427120       0.007181895  Au.gga.3
  3    79      -0.005736648       0.001075536       0.008722964  Au.gga.3
  3    79       0.000919957       0.001018298       0.008452532  Au.gga.3
  3    79       0.000464820       0.000987833       0.008029966  Au.gga.3
  3    79       0.006575700       0.001239309       0.006744515  Au.gga.3
  3    79      -0.006934512       0.000388993       0.007115780  Au.gga.3
  3    79      -0.000441995       0.000482583       0.008671911  Au.gga.3
  3    79      -0.000625565       0.000610526       0.008535146  Au.gga.3
  3    79       0.005365763       0.000709908       0.008285148  Au.gga.3
  3    79      -0.005687013       0.006810073       0.006878088  Au.gga.3
  3    79       0.000817728       0.006819499       0.006908480  Au.gga.3
  3    79       0.000276088       0.006851128       0.007049320  Au.gga.3
  3    79       0.006032275       0.005892730       0.006755775  Au.gga.3
  3    79      -0.002032988      -0.003871235      -0.013123273  Au.gga.3
  3    79      -0.002036569      -0.005804723      -0.010492717  Au.gga.3
  3    79      -0.000056784      -0.006232782      -0.011802992  Au.gga.3
  3    79       0.004544266      -0.005942526      -0.012806591  Au.gga.3
  3    79      -0.004371123      -0.003242135      -0.007877612  Au.gga.3
  3    79       0.000446447      -0.000791408      -0.009373016  Au.gga.3
  3    79       0.000485072      -0.000513817      -0.010229760  Au.gga.3
  3    79       0.004232203      -0.001563869      -0.010257467  Au.gga.3
  3    79      -0.004705972      -0.000707112      -0.011997309  Au.gga.3
  3    79      -0.000935615      -0.001247049      -0.009360504  Au.gga.3
  3    79      -0.000322362      -0.001142678      -0.009286571  Au.gga.3
  3    79       0.004242965      -0.000718624      -0.010671386  Au.gga.3
  3    79      -0.004478993       0.004503284      -0.011128240  Au.gga.3
  3    79       0.000773986       0.004187284      -0.010714767  Au.gga.3
  3    79       0.000228270       0.004529428      -0.010249100  Au.gga.3
  3    79       0.004410429       0.003945838      -0.013755021  Au.gga.3
  2     8      -0.035489592      -0.156921355       0.063831296  O.2
  1     1       0.138247617       0.100865382      -0.031892817  H.1
  1     1      -0.103331329       0.056446713      -0.034453943  H.1
