              -6730.6952389809
          0.000087475      -0.000001612       0.000000781
         -0.000001612       0.000107704       0.000001294
          0.000000781       0.000001294       0.000018496
          67
  5    79      -0.004967261      -0.004455117       0.000044826  Au.gga.5
  5    79      -0.000564689      -0.006858305      -0.002692969  Au.gga.5
  5    79      -0.000690671      -0.006775590      -0.002809193  Au.gga.5
  5    79       0.005022914      -0.006586757      -0.002339416  Au.gga.5
  5    79      -0.005256363       0.000370084      -0.004691469  Au.gga.5
  5    79       0.001189350       0.000180395      -0.005525159  Au.gga.5
  5    79       0.000286379       0.000818085      -0.005676760  Au.gga.5
  5    79       0.005555829       0.000001337      -0.002380483  Au.gga.5
  5    79      -0.005459305      -0.000440162      -0.002582643  Au.gga.5
  5    79      -0.000072528      -0.000374143      -0.005781372  Au.gga.5
  5    79      -0.000372815      -0.000281698      -0.006075073  Au.gga.5
  5    79       0.004586713      -0.000578331      -0.005077305  Au.gga.5
  5    79      -0.004186970       0.006180249      -0.004174412  Au.gga.5
  5    79       0.001269511       0.006157251      -0.003517406  Au.gga.5
  5    79      -0.000186081       0.006257334      -0.005363127  Au.gga.5
  5    79       0.004187395       0.004787245      -0.000816069  Au.gga.5
  5    79      -0.005455067      -0.007511935       0.008434676  Au.gga.5
  5    79       0.000717748      -0.006919994       0.008751909  Au.gga.5
  5    79       0.000670627      -0.006562388       0.009238522  Au.gga.5
  5    79       0.006306920      -0.004374166       0.010292285  Au.gga.5
  5    79      -0.007174645      -0.000096357       0.007013272  Au.gga.5
  5    79      -0.000506169       0.000674893       0.006368526  Au.gga.5
  5    79      -0.000774511       0.000948741       0.007036767  Au.gga.5
  5    79       0.005617295       0.000120672       0.006369878  Au.gga.5
  5    79      -0.005988716      -0.001063384       0.007764105  Au.gga.5
  5    79       0.000805942       0.000088887       0.006719225  Au.gga.5
  5    79       0.000079891      -0.000608998       0.007977442  Au.gga.5
  5    79       0.007350943       0.000195869       0.008459732  Au.gga.5
  5    79      -0.005794150       0.006174598       0.006300751  Au.gga.5
  5    79       0.000375409       0.007971047       0.004932122  Au.gga.5
  5    79      -0.001419638       0.007053946       0.005220472  Au.gga.5
  5    79       0.004946520       0.006614659       0.005151213  Au.gga.5
  3    79      -0.006239390      -0.004334396       0.004201935  Au.gga.3
  3    79       0.000069875      -0.005560837       0.007159714  Au.gga.3
  3    79      -0.000498652      -0.005795612       0.007474558  Au.gga.3
  3    79       0.005179022      -0.005204751       0.006300075  Au.gga.3
  3    79      -0.005595331       0.000608542       0.010995778  Au.gga.3
  3    79       0.001762290       0.001104808       0.009063067  Au.gga.3
  3    79       0.000654457       0.000889153       0.007363301  Au.gga.3
  3    79       0.006075994       0.000947397       0.007009666  Au.gga.3
  3    79      -0.007294741       0.000208439       0.006646499  Au.gga.3
  3    79      -0.000968579       0.000840589       0.009079603  Au.gga.3
  3    79      -0.000707516       0.000161398       0.007821708  Au.gga.3
  3    79       0.005543040       0.000374015       0.007447973  Au.gga.3
  3    79      -0.006939249       0.005997125       0.007380548  Au.gga.3
  3    79       0.000665256       0.006966674       0.007142376  Au.gga.3
  3    79       0.000553518       0.006582976       0.007317773  Au.gga.3
  3    79       0.006950786       0.005293142       0.007922211  Au.gga.3
  3    79      -0.010968752      -0.000972973      -0.004447928  Au.gga.3
  3    79       0.006910268      -0.010465178      -0.016611508  Au.gga.3
  3    79      -0.001515355      -0.006839773      -0.010910156  Au.gga.3
  3    79       0.005815641      -0.005502424      -0.013533060  Au.gga.3
  3    79      -0.001144596       0.002710519      -0.013030733  Au.gga.3
  3    79       0.001389432      -0.000785267      -0.007531799  Au.gga.3
  3    79       0.000912616      -0.000048095      -0.009012006  Au.gga.3
  3    79       0.014156148      -0.010868335      -0.011077097  Au.gga.3
  3    79      -0.007927504       0.002271480      -0.011052177  Au.gga.3
  3    79       0.000331607      -0.000728583      -0.009327842  Au.gga.3
  3    79      -0.000878529      -0.001070373      -0.009752675  Au.gga.3
  3    79       0.008168330      -0.000241292      -0.012695825  Au.gga.3
  3    79      -0.004722826       0.003381673      -0.010525943  Au.gga.3
  3    79       0.001117389       0.006008761      -0.011805218  Au.gga.3
  3    79       0.001438997       0.006397450      -0.009501635  Au.gga.3
  3    79       0.005604605       0.004040032      -0.014769197  Au.gga.3
  2     8      -0.023776543       0.009321233       0.023124299  O.2
  1     1      -0.010301838      -0.007681801      -0.016022184  H.1
  1     1       0.017159008       0.000826808      -0.008339462  H.1
