              -6730.7077446849
          0.000090326      -0.000001247       0.000001434
         -0.000001247       0.000108148       0.000001200
          0.000001434       0.000001200       0.000017222
          67
  5    79      -0.004906234      -0.004762082       0.000096998  Au.gga.5
  5    79      -0.000501178      -0.006910524      -0.002662256  Au.gga.5
  5    79      -0.000754607      -0.006794234      -0.002875861  Au.gga.5
  5    79       0.004947804      -0.006676179      -0.002427375  Au.gga.5
  5    79      -0.005264385       0.000283069      -0.004526560  Au.gga.5
  5    79       0.001194645       0.000169840      -0.005658974  Au.gga.5
  5    79       0.000314587       0.000773842      -0.005698989  Au.gga.5
  5    79       0.005496271       0.000126259      -0.002395319  Au.gga.5
  5    79      -0.005606511      -0.000361772      -0.002672040  Au.gga.5
  5    79       0.000029532      -0.000338257      -0.005952359  Au.gga.5
  5    79      -0.000430330      -0.000283644      -0.006125204  Au.gga.5
  5    79       0.004666170      -0.000610798      -0.005099564  Au.gga.5
  5    79      -0.004348443       0.006173682      -0.004347895  Au.gga.5
  5    79       0.001285824       0.006095133      -0.003850173  Au.gga.5
  5    79      -0.000247215       0.006162092      -0.005521670  Au.gga.5
  5    79       0.004390451       0.004680286      -0.001297162  Au.gga.5
  5    79      -0.005653405      -0.007375409       0.008327340  Au.gga.5
  5    79       0.000768952      -0.006882660       0.008632125  Au.gga.5
  5    79       0.000673355      -0.006590969       0.009115651  Au.gga.5
  5    79       0.006430414      -0.004371905       0.010164640  Au.gga.5
  5    79      -0.007252900      -0.000050553       0.006975385  Au.gga.5
  5    79      -0.000441542       0.000723454       0.006257896  Au.gga.5
  5    79      -0.000754797       0.000989883       0.007010287  Au.gga.5
  5    79       0.005647048       0.000168718       0.006388769  Au.gga.5
  5    79      -0.006086224      -0.000844792       0.007506598  Au.gga.5
  5    79       0.000838185      -0.000008727       0.006812647  Au.gga.5
  5    79       0.000040096      -0.000666714       0.007728134  Au.gga.5
  5    79       0.007425004       0.000105184       0.008498258  Au.gga.5
  5    79      -0.005663466       0.006026125       0.006223886  Au.gga.5
  5    79       0.000268721       0.007783679       0.004597330  Au.gga.5
  5    79      -0.001383528       0.007071903       0.005097424  Au.gga.5
  5    79       0.004783419       0.006617619       0.004932023  Au.gga.5
  3    79      -0.006295592      -0.004322745       0.004401509  Au.gga.3
  3    79       0.000207843      -0.005588304       0.006823881  Au.gga.3
  3    79      -0.000440840      -0.005864130       0.007423973  Au.gga.3
  3    79       0.005064403      -0.005241261       0.006349308  Au.gga.3
  3    79      -0.005678125       0.000754944       0.010197663  Au.gga.3
  3    79       0.001719701       0.001132410       0.009021179  Au.gga.3
  3    79       0.000681023       0.000791808       0.007491249  Au.gga.3
  3    79       0.005906560       0.000671382       0.007065778  Au.gga.3
  3    79      -0.007234600       0.000410570       0.006563750  Au.gga.3
  3    79      -0.000918121       0.000896378       0.008991833  Au.gga.3
  3    79      -0.000770199       0.000241789       0.007880009  Au.gga.3
  3    79       0.005511875       0.000462841       0.007417750  Au.gga.3
  3    79      -0.006593234       0.005774122       0.006902930  Au.gga.3
  3    79       0.000796616       0.006744300       0.006832831  Au.gga.3
  3    79       0.000465204       0.006557286       0.007382505  Au.gga.3
  3    79       0.006463762       0.004994992       0.007113173  Au.gga.3
  3    79      -0.012218244      -0.001785364      -0.004939648  Au.gga.3
  3    79       0.007432742      -0.011686659      -0.018603616  Au.gga.3
  3    79      -0.001187852      -0.006540772      -0.010705070  Au.gga.3
  3    79       0.006547595      -0.005083856      -0.013419176  Au.gga.3
  3    79      -0.001134397       0.003439335      -0.014477282  Au.gga.3
  3    79       0.001156406      -0.000484374      -0.007581661  Au.gga.3
  3    79       0.000133051      -0.000569530      -0.008793799  Au.gga.3
  3    79       0.013523156      -0.008088711      -0.013101745  Au.gga.3
  3    79      -0.007447283       0.001603733      -0.010992923  Au.gga.3
  3    79       0.000301670      -0.001120419      -0.009184804  Au.gga.3
  3    79      -0.000863564      -0.001063940      -0.009619113  Au.gga.3
  3    79       0.007974485       0.000295946      -0.012762113  Au.gga.3
  3    79      -0.004274679       0.003177403      -0.010690386  Au.gga.3
  3    79       0.001051544       0.005796272      -0.011768939  Au.gga.3
  3    79       0.001132683       0.006308889      -0.009423656  Au.gga.3
  3    79       0.005612031       0.004692536      -0.014584094  Au.gga.3
  2     8      -0.061252293       0.015836342       0.031342070  O.2
  1     1      -0.018412629      -0.014119871      -0.026029346  H.1
  1     1       0.063632610       0.000221150       0.004369314  H.1
