              -6730.6944834230
          0.000085064      -0.000001803      -0.000000012
         -0.000001803       0.000107155       0.000001333
         -0.000000012       0.000001333       0.000019116
          67
  5    79      -0.004977729      -0.004228166       0.000046016  Au.gga.5
  5    79      -0.000659696      -0.006809695      -0.002683455  Au.gga.5
  5    79      -0.000623550      -0.006769061      -0.002778371  Au.gga.5
  5    79       0.005087256      -0.006567006      -0.002269118  Au.gga.5
  5    79      -0.005225539       0.000448467      -0.004768276  Au.gga.5
  5    79       0.001187679       0.000210707      -0.005425949  Au.gga.5
  5    79       0.000256888       0.000816568      -0.005668794  Au.gga.5
  5    79       0.005581760      -0.000013243      -0.002314027  Au.gga.5
  5    79      -0.005322126      -0.000432238      -0.002681665  Au.gga.5
  5    79      -0.000233016      -0.000411652      -0.005683689  Au.gga.5
  5    79      -0.000389670      -0.000317141      -0.005899501  Au.gga.5
  5    79       0.004615366      -0.000553103      -0.005042841  Au.gga.5
  5    79      -0.004103446       0.006119711      -0.004145467  Au.gga.5
  5    79       0.001199661       0.006225996      -0.003150667  Au.gga.5
  5    79      -0.000088477       0.006377428      -0.005087593  Au.gga.5
  5    79       0.004050738       0.004876999      -0.000542328  Au.gga.5
  5    79      -0.005319417      -0.007488169       0.008637535  Au.gga.5
  5    79       0.000647399      -0.006991699       0.008871914  Au.gga.5
  5    79       0.000662992      -0.006546300       0.009357437  Au.gga.5
  5    79       0.006243921      -0.004374476       0.010381928  Au.gga.5
  5    79      -0.007119046      -0.000178305       0.007100462  Au.gga.5
  5    79      -0.000599640       0.000670460       0.006511235  Au.gga.5
  5    79      -0.000764309       0.000910062       0.007081418  Au.gga.5
  5    79       0.005625146       0.000058753       0.006384902  Au.gga.5
  5    79      -0.005929455      -0.001156343       0.007916354  Au.gga.5
  5    79       0.000751979       0.000114971       0.006692353  Au.gga.5
  5    79       0.000063498      -0.000608043       0.008139894  Au.gga.5
  5    79       0.007397435       0.000263386       0.008440429  Au.gga.5
  5    79      -0.005993677       0.006150962       0.006461490  Au.gga.5
  5    79       0.000473598       0.008132231       0.005290280  Au.gga.5
  5    79      -0.001422181       0.007139702       0.005313819  Au.gga.5
  5    79       0.005118062       0.006647631       0.005373504  Au.gga.5
  3    79      -0.006185326      -0.004469665       0.003966864  Au.gga.3
  3    79       0.000053766      -0.005511051       0.007387008  Au.gga.3
  3    79      -0.000546760      -0.005686249       0.007469732  Au.gga.3
  3    79       0.005321947      -0.005175925       0.006179571  Au.gga.3
  3    79      -0.005593903       0.000664004       0.011356299  Au.gga.3
  3    79       0.001713662       0.001000505       0.009021592  Au.gga.3
  3    79       0.000716675       0.000888328       0.007159743  Au.gga.3
  3    79       0.006215679       0.001226603       0.006979168  Au.gga.3
  3    79      -0.007324917      -0.000137844       0.006802240  Au.gga.3
  3    79      -0.000974667       0.000727616       0.009096034  Au.gga.3
  3    79      -0.000724031       0.000274438       0.007751186  Au.gga.3
  3    79       0.005643227       0.000288930       0.007592220  Au.gga.3
  3    79      -0.007364722       0.006360628       0.007712367  Au.gga.3
  3    79       0.000295495       0.007045194       0.007284845  Au.gga.3
  3    79       0.000549858       0.006598782       0.007245103  Au.gga.3
  3    79       0.007150716       0.005668076       0.008453950  Au.gga.3
  3    79      -0.010005623      -0.003980683      -0.007526668  Au.gga.3
  3    79       0.006011203      -0.008864442      -0.015044440  Au.gga.3
  3    79      -0.001708385      -0.007017567      -0.010944241  Au.gga.3
  3    79       0.004970128      -0.005873144      -0.013468836  Au.gga.3
  3    79      -0.001426711       0.002104302      -0.011908781  Au.gga.3
  3    79       0.001324053      -0.001001532      -0.007589813  Au.gga.3
  3    79       0.001605569       0.000199537      -0.008941350  Au.gga.3
  3    79       0.009837574      -0.009927045      -0.012211946  Au.gga.3
  3    79      -0.008430731       0.002846106      -0.011035519  Au.gga.3
  3    79       0.000197307      -0.000580583      -0.009385068  Au.gga.3
  3    79      -0.000893606      -0.000953543      -0.009949139  Au.gga.3
  3    79       0.008284056      -0.000854242      -0.012632679  Au.gga.3
  3    79      -0.005063459       0.003709482      -0.010322677  Au.gga.3
  3    79       0.001088022       0.006300434      -0.011857662  Au.gga.3
  3    79       0.001886488       0.006444834      -0.009602195  Au.gga.3
  3    79       0.005583492       0.003536205      -0.015038111  Au.gga.3
  2     8      -0.002115268       0.001597311       0.011375881  O.2
  1     1      -0.001872282      -0.001275505      -0.003973386  H.1
  1     1      -0.008201279       0.002369748      -0.011400698  H.1
