              -6730.7175227650
          0.000078501       0.000000104      -0.000000942
          0.000000104       0.000104556       0.000000705
         -0.000000942       0.000000705       0.000018372
          67
  5    79      -0.004876464      -0.004277767       0.000069016  Au.gga.5
  5    79      -0.000486279      -0.006828980      -0.002940869  Au.gga.5
  5    79      -0.000814876      -0.006918398      -0.002885811  Au.gga.5
  5    79       0.004931222      -0.006508634      -0.002069543  Au.gga.5
  5    79      -0.005279682       0.000131668      -0.004786707  Au.gga.5
  5    79       0.001022646       0.000560898      -0.005710361  Au.gga.5
  5    79       0.000123479       0.001064384      -0.005847515  Au.gga.5
  5    79       0.005633829       0.000033274      -0.002486720  Au.gga.5
  5    79      -0.005365297      -0.000719338      -0.001741166  Au.gga.5
  5    79       0.000385683      -0.000501175      -0.005330182  Au.gga.5
  5    79      -0.000484768      -0.000614086      -0.006579395  Au.gga.5
  5    79       0.004270002      -0.000533254      -0.004687674  Au.gga.5
  5    79      -0.003791189       0.006554900      -0.003455289  Au.gga.5
  5    79       0.001138480       0.006304542      -0.003921930  Au.gga.5
  5    79      -0.000086649       0.006221777      -0.005097092  Au.gga.5
  5    79       0.003839947       0.005008119      -0.000143008  Au.gga.5
  5    79      -0.004912521      -0.007935922       0.007884534  Au.gga.5
  5    79       0.000894787      -0.007109262       0.008925276  Au.gga.5
  5    79       0.000423947      -0.006880981       0.009050773  Au.gga.5
  5    79       0.005943815      -0.004970456       0.010411261  Au.gga.5
  5    79      -0.007114902       0.000289701       0.007248982  Au.gga.5
  5    79      -0.000548729       0.000987301       0.006890012  Au.gga.5
  5    79      -0.001109379       0.000775486       0.007023960  Au.gga.5
  5    79       0.006067785       0.000229875       0.006258710  Au.gga.5
  5    79      -0.005350298      -0.001078150       0.007730474  Au.gga.5
  5    79       0.000513557      -0.000170695       0.007067683  Au.gga.5
  5    79       0.000180565      -0.000513204       0.007902077  Au.gga.5
  5    79       0.006857514      -0.000298497       0.008907750  Au.gga.5
  5    79      -0.005784612       0.006504929       0.005826566  Au.gga.5
  5    79      -0.000242180       0.008372900       0.006137241  Au.gga.5
  5    79      -0.001396875       0.007567263       0.005483651  Au.gga.5
  5    79       0.005138057       0.006965220       0.005874927  Au.gga.5
  3    79      -0.006316758      -0.005636641       0.005473406  Au.gga.3
  3    79      -0.000015005      -0.005596085       0.007409788  Au.gga.3
  3    79      -0.000911576      -0.005344819       0.007822257  Au.gga.3
  3    79       0.004954728      -0.005548994       0.007330636  Au.gga.3
  3    79      -0.005452216      -0.000382518       0.011891611  Au.gga.3
  3    79       0.001613431       0.001107681       0.008910596  Au.gga.3
  3    79       0.000078384       0.001278269       0.007529513  Au.gga.3
  3    79       0.005514851      -0.000461491       0.008619086  Au.gga.3
  3    79      -0.007777258       0.000615526       0.006137508  Au.gga.3
  3    79      -0.001270460       0.000537113       0.009115094  Au.gga.3
  3    79      -0.000328482      -0.000328909       0.007792870  Au.gga.3
  3    79       0.005135816       0.000969675       0.007024136  Au.gga.3
  3    79      -0.009242585       0.006988947       0.008623969  Au.gga.3
  3    79      -0.000142676       0.007917267       0.009973437  Au.gga.3
  3    79       0.001499266       0.007055484       0.007569215  Au.gga.3
  3    79       0.009161784       0.005343985       0.008266342  Au.gga.3
  3    79      -0.016136430      -0.002595243      -0.002055451  Au.gga.3
  3    79       0.017536907      -0.014271144      -0.019971169  Au.gga.3
  3    79      -0.001413605      -0.007887668      -0.009491191  Au.gga.3
  3    79       0.010351069      -0.002781995      -0.016807889  Au.gga.3
  3    79      -0.006104628       0.006567684      -0.014888511  Au.gga.3
  3    79       0.001183093       0.000235060      -0.007925646  Au.gga.3
  3    79       0.001517220       0.000270581      -0.009461673  Au.gga.3
  3    79       0.007307688      -0.008998563      -0.007221339  Au.gga.3
  3    79      -0.007109426       0.001378184      -0.012053958  Au.gga.3
  3    79       0.000477156      -0.000390073      -0.009919376  Au.gga.3
  3    79      -0.000481607      -0.000989980      -0.009947979  Au.gga.3
  3    79       0.006045381       0.000635374      -0.012249557  Au.gga.3
  3    79      -0.005189878       0.002711377      -0.010654035  Au.gga.3
  3    79       0.000303898       0.006225748      -0.010875702  Au.gga.3
  3    79       0.001605276       0.006892765      -0.010285381  Au.gga.3
  3    79       0.006364306       0.004685953      -0.013750522  Au.gga.3
  2     8      -0.022385631      -0.014673069      -0.049575035  O.2
  1     1       0.019414552       0.014274007       0.059689653  H.1
  1     1      -0.009655667      -0.001316811      -0.023360581  H.1
