              -6730.7525891360
          0.000080168       0.000000697      -0.000005123
          0.000000697       0.000107381      -0.000001864
         -0.000005123      -0.000001864       0.000010113
          67
  5    79      -0.004763231      -0.005343349       0.000181324  Au.gga.5
  5    79      -0.000318561      -0.006828981      -0.002584647  Au.gga.5
  5    79      -0.000832667      -0.006812698      -0.003019295  Au.gga.5
  5    79       0.004796167      -0.006904568      -0.002690860  Au.gga.5
  5    79      -0.005222896       0.000461636      -0.004775681  Au.gga.5
  5    79       0.001060287       0.000326674      -0.006016466  Au.gga.5
  5    79       0.000479000       0.000901235      -0.005703815  Au.gga.5
  5    79       0.005168470       0.000710526      -0.002269953  Au.gga.5
  5    79      -0.005727438      -0.000439634      -0.003576099  Au.gga.5
  5    79      -0.000286184      -0.000538527      -0.006355409  Au.gga.5
  5    79      -0.000636261      -0.000739072      -0.005677171  Au.gga.5
  5    79       0.005049433      -0.000637476      -0.004997985  Au.gga.5
  5    79      -0.004767511       0.006132690      -0.004700005  Au.gga.5
  5    79       0.000829644       0.006182097      -0.003690617  Au.gga.5
  5    79       0.000406455       0.006231693      -0.005340583  Au.gga.5
  5    79       0.004533022       0.004650574      -0.002204065  Au.gga.5
  5    79      -0.005945881      -0.006858875       0.008208601  Au.gga.5
  5    79       0.000797557      -0.006875441       0.008348035  Au.gga.5
  5    79       0.000836846      -0.006753013       0.009102638  Au.gga.5
  5    79       0.006399745      -0.004746061       0.009808345  Au.gga.5
  5    79      -0.007364637       0.000208166       0.006724483  Au.gga.5
  5    79      -0.000483024       0.001023743       0.006123386  Au.gga.5
  5    79      -0.000670723       0.000676148       0.007059050  Au.gga.5
  5    79       0.006010994       0.000494960       0.006514189  Au.gga.5
  5    79      -0.005818020      -0.000864568       0.006398154  Au.gga.5
  5    79       0.000668119      -0.000245385       0.006972925  Au.gga.5
  5    79       0.000651661      -0.000632446       0.007318998  Au.gga.5
  5    79       0.006830009       0.000044159       0.008149987  Au.gga.5
  5    79      -0.006641951       0.005480537       0.005865368  Au.gga.5
  5    79       0.000258339       0.007643389       0.004400710  Au.gga.5
  5    79      -0.001091494       0.007297413       0.004394294  Au.gga.5
  5    79       0.005235331       0.006535876       0.005148390  Au.gga.5
  3    79      -0.006169304      -0.003821897       0.003715855  Au.gga.3
  3    79      -0.000154855      -0.004795719       0.007210677  Au.gga.3
  3    79      -0.000757243      -0.005622067       0.007742347  Au.gga.3
  3    79       0.004722061      -0.005507276       0.006143548  Au.gga.3
  3    79      -0.005678622       0.001409799       0.009900703  Au.gga.3
  3    79       0.001498542       0.001112233       0.008782093  Au.gga.3
  3    79       0.000555484       0.000999013       0.007283070  Au.gga.3
  3    79       0.006252260       0.001413912       0.006593660  Au.gga.3
  3    79      -0.007345285      -0.000024617       0.006900301  Au.gga.3
  3    79      -0.000478527       0.000310623       0.008627776  Au.gga.3
  3    79      -0.000682906       0.000579888       0.008092697  Au.gga.3
  3    79       0.005388177       0.000623835       0.007528261  Au.gga.3
  3    79      -0.005707450       0.005860871       0.005724306  Au.gga.3
  3    79       0.001039755       0.006148193       0.006177909  Au.gga.3
  3    79      -0.000181864       0.006648875       0.007091864  Au.gga.3
  3    79       0.006151415       0.005466106       0.008202053  Au.gga.3
  3    79      -0.007181449      -0.006922462      -0.014845379  Au.gga.3
  3    79      -0.001859673      -0.004369217      -0.011303295  Au.gga.3
  3    79      -0.000203781      -0.005964416      -0.011182920  Au.gga.3
  3    79       0.005722066      -0.005166367      -0.014508741  Au.gga.3
  3    79      -0.003093787      -0.006423872      -0.006391356  Au.gga.3
  3    79      -0.000765348      -0.001337649      -0.007570483  Au.gga.3
  3    79       0.000989379       0.000089465      -0.009915656  Au.gga.3
  3    79       0.003511977      -0.000723439      -0.017149789  Au.gga.3
  3    79      -0.004430816       0.000839148      -0.011671515  Au.gga.3
  3    79      -0.001087856      -0.001723574      -0.009285937  Au.gga.3
  3    79      -0.000514451      -0.000691766      -0.009710647  Au.gga.3
  3    79       0.006069576      -0.000030696      -0.012466870  Au.gga.3
  3    79      -0.003840599       0.003636160      -0.011008672  Au.gga.3
  3    79       0.000092537       0.004081030      -0.012098169  Au.gga.3
  3    79       0.000773420       0.005626629      -0.009514900  Au.gga.3
  3    79       0.004803394       0.005712017      -0.015639318  Au.gga.3
  2     8       0.300025594      -0.232023571      -0.009436861  O.2
  1     1       0.082085286       0.137835735       0.124886887  H.1
  1     1      -0.380712143       0.097207407      -0.094105217  H.1
