              -6730.7262743541
          0.000080965      -0.000003073      -0.000004319
         -0.000003073       0.000103340       0.000001302
         -0.000004319       0.000001302       0.000015091
          67
  5    79      -0.004738320      -0.005311758       0.000174427  Au.gga.5
  5    79      -0.000343077      -0.006581056      -0.002659513  Au.gga.5
  5    79      -0.000811375      -0.006667333      -0.002985777  Au.gga.5
  5    79       0.004867837      -0.006768317      -0.002416586  Au.gga.5
  5    79      -0.005084685       0.000532326      -0.004847464  Au.gga.5
  5    79       0.000864551       0.000457828      -0.005828680  Au.gga.5
  5    79       0.000463153       0.000896883      -0.005638868  Au.gga.5
  5    79       0.005126083       0.000738242      -0.002402527  Au.gga.5
  5    79      -0.005446259      -0.000397641      -0.003243632  Au.gga.5
  5    79      -0.000470747      -0.000572878      -0.006102399  Au.gga.5
  5    79      -0.000574391      -0.000723023      -0.005768211  Au.gga.5
  5    79       0.005046781      -0.000635329      -0.004891496  Au.gga.5
  5    79      -0.004908830       0.006053188      -0.004148795  Au.gga.5
  5    79       0.000716380       0.006258245      -0.003842670  Au.gga.5
  5    79       0.000599763       0.006343242      -0.004971920  Au.gga.5
  5    79       0.004523987       0.004911908      -0.001861852  Au.gga.5
  5    79      -0.005947837      -0.006765296       0.008561370  Au.gga.5
  5    79       0.000862012      -0.006787517       0.008670380  Au.gga.5
  5    79       0.000670908      -0.006760332       0.009302899  Au.gga.5
  5    79       0.006299454      -0.005306210       0.009870691  Au.gga.5
  5    79      -0.007195371       0.000330398       0.007086078  Au.gga.5
  5    79      -0.000634397       0.000939867       0.006365016  Au.gga.5
  5    79      -0.000657807       0.000620718       0.006893917  Au.gga.5
  5    79       0.005959665       0.000632241       0.006667762  Au.gga.5
  5    79      -0.005843535      -0.000941092       0.006679448  Au.gga.5
  5    79       0.000709664      -0.000223350       0.006846689  Au.gga.5
  5    79       0.000709957      -0.000537696       0.007244871  Au.gga.5
  5    79       0.006674642      -0.000240310       0.007727971  Au.gga.5
  5    79      -0.006684340       0.005678099       0.005863939  Au.gga.5
  5    79       0.000043963       0.007492038       0.004775983  Au.gga.5
  5    79      -0.000954415       0.007276016       0.004657628  Au.gga.5
  5    79       0.005767930       0.006836574       0.005859002  Au.gga.5
  3    79      -0.005784171      -0.004075747       0.004667281  Au.gga.3
  3    79      -0.000591501      -0.004849817       0.007971943  Au.gga.3
  3    79      -0.000864949      -0.005486195       0.007646692  Au.gga.3
  3    79       0.004697012      -0.005523734       0.006563520  Au.gga.3
  3    79      -0.005650981       0.001093645       0.009357688  Au.gga.3
  3    79       0.001084895       0.000994792       0.008531624  Au.gga.3
  3    79       0.000356158       0.001146251       0.007732315  Au.gga.3
  3    79       0.006534246       0.001692210       0.006307022  Au.gga.3
  3    79      -0.007201390       0.000241917       0.007198303  Au.gga.3
  3    79      -0.000447734       0.000297556       0.008666075  Au.gga.3
  3    79      -0.000565852       0.000583014       0.008384870  Au.gga.3
  3    79       0.005289384       0.000769395       0.007924235  Au.gga.3
  3    79      -0.005659225       0.006516992       0.006678185  Au.gga.3
  3    79       0.000768979       0.006489383       0.006735044  Au.gga.3
  3    79      -0.000022455       0.006793727       0.007083107  Au.gga.3
  3    79       0.006579010       0.005895505       0.008267265  Au.gga.3
  3    79      -0.001601605      -0.004030305      -0.013785823  Au.gga.3
  3    79      -0.003969751      -0.004429103      -0.009530188  Au.gga.3
  3    79       0.000134438      -0.006132279      -0.011527883  Au.gga.3
  3    79       0.004640502      -0.005791399      -0.013865955  Au.gga.3
  3    79      -0.003698735      -0.005948667      -0.006955334  Au.gga.3
  3    79      -0.000179140      -0.001203176      -0.008526866  Au.gga.3
  3    79       0.000716166      -0.000017197      -0.010528170  Au.gga.3
  3    79       0.003751658      -0.001880468      -0.011707148  Au.gga.3
  3    79      -0.003639254       0.000155775      -0.011944002  Au.gga.3
  3    79      -0.001319967      -0.001325225      -0.009452725  Au.gga.3
  3    79      -0.000294643      -0.000854168      -0.009502834  Au.gga.3
  3    79       0.004728399      -0.000476545      -0.011271205  Au.gga.3
  3    79      -0.003541389       0.004227835      -0.011049190  Au.gga.3
  3    79       0.000478121       0.003929870      -0.011323371  Au.gga.3
  3    79       0.000890308       0.004968199      -0.009935218  Au.gga.3
  3    79       0.004161458       0.004960313      -0.014962914  Au.gga.3
  2     8       0.000164820      -0.503698546       0.048176350  O.2
  1     1       0.336603422       0.346810311       0.059230455  H.1
  1     1      -0.337314902       0.157433473      -0.102764279  H.1
