              -6730.7144989316
          0.000080525      -0.000000599      -0.000000882
         -0.000000599       0.000105927       0.000001253
         -0.000000882       0.000001253       0.000019641
          67
  5    79      -0.004986035      -0.004040542      -0.000100726  Au.gga.5
  5    79      -0.000583587      -0.006865830      -0.002769360  Au.gga.5
  5    79      -0.000649190      -0.006758756      -0.002843619  Au.gga.5
  5    79       0.005067352      -0.006639749      -0.002200780  Au.gga.5
  5    79      -0.005278690       0.000310110      -0.004807385  Au.gga.5
  5    79       0.001209970       0.000449079      -0.005504169  Au.gga.5
  5    79      -0.000020056       0.000931083      -0.005728883  Au.gga.5
  5    79       0.005729805       0.000050665      -0.002358802  Au.gga.5
  5    79      -0.005355801      -0.000502818      -0.002119607  Au.gga.5
  5    79       0.000129739      -0.000636099      -0.005502731  Au.gga.5
  5    79      -0.000450816      -0.000529089      -0.006168761  Au.gga.5
  5    79       0.004458933      -0.000459620      -0.004927957  Au.gga.5
  5    79      -0.003955229       0.006369026      -0.003862684  Au.gga.5
  5    79       0.001230908       0.006379504      -0.003391804  Au.gga.5
  5    79      -0.000101082       0.006286899      -0.005070883  Au.gga.5
  5    79       0.003855405       0.005004156      -0.000379949  Au.gga.5
  5    79      -0.004899953      -0.007691027       0.008319635  Au.gga.5
  5    79       0.000613029      -0.007159537       0.008839070  Au.gga.5
  5    79       0.000557965      -0.006621616       0.009205730  Au.gga.5
  5    79       0.005984152      -0.004474941       0.010450939  Au.gga.5
  5    79      -0.007137615       0.000070714       0.007216092  Au.gga.5
  5    79      -0.000504684       0.000879164       0.006867219  Au.gga.5
  5    79      -0.001019975       0.000937516       0.007005300  Au.gga.5
  5    79       0.005943185       0.000021595       0.006302879  Au.gga.5
  5    79      -0.005634934      -0.001175549       0.008051975  Au.gga.5
  5    79       0.000620219      -0.000112929       0.006934167  Au.gga.5
  5    79      -0.000063354      -0.000535422       0.008008252  Au.gga.5
  5    79       0.007200277      -0.000052092       0.008718027  Au.gga.5
  5    79      -0.006010242       0.006022663       0.006149414  Au.gga.5
  5    79       0.000192410       0.008466899       0.005942584  Au.gga.5
  5    79      -0.001345822       0.007438445       0.005467429  Au.gga.5
  5    79       0.005036484       0.006849908       0.005562630  Au.gga.5
  3    79      -0.006311246      -0.005412821       0.004213367  Au.gga.3
  3    79      -0.000211920      -0.005432317       0.007694004  Au.gga.3
  3    79      -0.000717172      -0.005418202       0.007721652  Au.gga.3
  3    79       0.004793325      -0.005371447       0.006871111  Au.gga.3
  3    79      -0.005627606      -0.000110467       0.012215105  Au.gga.3
  3    79       0.001753551       0.001126311       0.009051819  Au.gga.3
  3    79       0.000422685       0.001180567       0.007211945  Au.gga.3
  3    79       0.005919240       0.000532240       0.007925326  Au.gga.3
  3    79      -0.007595430       0.000350234       0.006581014  Au.gga.3
  3    79      -0.001168073       0.000565146       0.009064369  Au.gga.3
  3    79      -0.000435114       0.000003984       0.007751348  Au.gga.3
  3    79       0.005443990       0.000777685       0.007366169  Au.gga.3
  3    79      -0.008890741       0.006941971       0.008488983  Au.gga.3
  3    79      -0.000133035       0.007500621       0.008615331  Au.gga.3
  3    79       0.001324105       0.006996296       0.007504217  Au.gga.3
  3    79       0.008234983       0.005690923       0.008362384  Au.gga.3
  3    79      -0.010521136      -0.002284317      -0.004885561  Au.gga.3
  3    79       0.010911412      -0.011642825      -0.016950124  Au.gga.3
  3    79      -0.001146887      -0.007185690      -0.010521052  Au.gga.3
  3    79       0.005941037      -0.005156131      -0.015386128  Au.gga.3
  3    79      -0.004834788       0.002596926      -0.012158532  Au.gga.3
  3    79       0.001969299      -0.000458638      -0.007586357  Au.gga.3
  3    79       0.000782357       0.000722840      -0.009615806  Au.gga.3
  3    79       0.007430216      -0.009997319      -0.009695992  Au.gga.3
  3    79      -0.007174834       0.002306575      -0.011469505  Au.gga.3
  3    79      -0.000411251      -0.000650405      -0.009764344  Au.gga.3
  3    79      -0.000921721      -0.000764278      -0.010163592  Au.gga.3
  3    79       0.006803186      -0.000503891      -0.012311780  Au.gga.3
  3    79      -0.004766057       0.003304262      -0.010318732  Au.gga.3
  3    79       0.000255716       0.005974495      -0.011156255  Au.gga.3
  3    79       0.001586188       0.006498568      -0.010215091  Au.gga.3
  3    79       0.005856396       0.003384551      -0.014724658  Au.gga.3
  2     8      -0.006121649      -0.004402288      -0.005687816  O.2
  1     1       0.010006981       0.003937716       0.012708448  H.1
  1     1      -0.011221110       0.002275487      -0.018281120  H.1
