              -6730.7787326270
          0.000092310      -0.000000983       0.000000806
         -0.000000983       0.000109331       0.000000600
          0.000000806       0.000000600       0.000013794
          67
  5    79      -0.004769852      -0.005245253       0.000234381  Au.gga.5
  5    79      -0.000434558      -0.006932307      -0.002592866  Au.gga.5
  5    79      -0.000801307      -0.006822805      -0.003012952  Au.gga.5
  5    79       0.004814885      -0.006882464      -0.002613209  Au.gga.5
  5    79      -0.005257657       0.000284571      -0.004428764  Au.gga.5
  5    79       0.001171113       0.000201702      -0.005910505  Au.gga.5
  5    79       0.000411134       0.000718543      -0.005710323  Au.gga.5
  5    79       0.005303275       0.000504871      -0.002282867  Au.gga.5
  5    79      -0.005816685      -0.000225335      -0.003340901  Au.gga.5
  5    79      -0.000095977      -0.000356226      -0.006297299  Au.gga.5
  5    79      -0.000649699      -0.000525432      -0.005840377  Au.gga.5
  5    79       0.005022668      -0.000694871      -0.005110924  Au.gga.5
  5    79      -0.004682646       0.006087545      -0.004808173  Au.gga.5
  5    79       0.001068322       0.006083570      -0.003969273  Au.gga.5
  5    79      -0.000016359       0.006174560      -0.005464867  Au.gga.5
  5    79       0.004660364       0.004523012      -0.002193064  Au.gga.5
  5    79      -0.005972235      -0.006937111       0.008290324  Au.gga.5
  5    79       0.000795964      -0.006909030       0.008423919  Au.gga.5
  5    79       0.000721191      -0.006658888       0.008997908  Au.gga.5
  5    79       0.006605689      -0.004420796       0.009877835  Au.gga.5
  5    79      -0.007435715       0.000053522       0.006808616  Au.gga.5
  5    79      -0.000416570       0.000884292       0.006126842  Au.gga.5
  5    79      -0.000668501       0.000900939       0.007015883  Au.gga.5
  5    79       0.005846448       0.000297549       0.006462096  Au.gga.5
  5    79      -0.006117039      -0.000574098       0.006786214  Au.gga.5
  5    79       0.000766894      -0.000225358       0.006983079  Au.gga.5
  5    79       0.000162399      -0.000749137       0.007355605  Au.gga.5
  5    79       0.007431915       0.000083428       0.008435479  Au.gga.5
  5    79      -0.006026164       0.005501385       0.006117803  Au.gga.5
  5    79       0.000182182       0.007566325       0.004274146  Au.gga.5
  5    79      -0.001191452       0.007258970       0.004750039  Au.gga.5
  5    79       0.004733640       0.006542919       0.004696050  Au.gga.5
  3    79      -0.006556468      -0.004231793       0.004317986  Au.gga.3
  3    79       0.000393418      -0.005431703       0.006107564  Au.gga.3
  3    79      -0.000463394      -0.005777635       0.007435615  Au.gga.3
  3    79       0.005058927      -0.005350390       0.006174514  Au.gga.3
  3    79      -0.005828403       0.001529019       0.009117364  Au.gga.3
  3    79       0.001609999       0.001047154       0.008923367  Au.gga.3
  3    79       0.000848861       0.000650461       0.007409607  Au.gga.3
  3    79       0.005948275       0.000770231       0.007057627  Au.gga.3
  3    79      -0.007199414       0.000182710       0.006745819  Au.gga.3
  3    79      -0.000858722       0.000667115       0.008802411  Au.gga.3
  3    79      -0.000845302       0.000626653       0.007906985  Au.gga.3
  3    79       0.005584402       0.000547041       0.007400244  Au.gga.3
  3    79      -0.006003060       0.005724403       0.005935496  Au.gga.3
  3    79       0.001145846       0.006287615       0.006343970  Au.gga.3
  3    79       0.000156007       0.006470983       0.007194510  Au.gga.3
  3    79       0.005839850       0.005122266       0.006521845  Au.gga.3
  3    79      -0.011918266      -0.007376639      -0.011372189  Au.gga.3
  3    79       0.004794988      -0.009745757      -0.018378293  Au.gga.3
  3    79      -0.000740751      -0.005954779      -0.010561225  Au.gga.3
  3    79       0.007163925      -0.004829865      -0.013625721  Au.gga.3
  3    79      -0.001889952       0.000320053      -0.012628731  Au.gga.3
  3    79       0.000190524      -0.000337716      -0.007668611  Au.gga.3
  3    79       0.000034982      -0.000714063      -0.008558915  Au.gga.3
  3    79       0.006042171      -0.000825976      -0.019472874  Au.gga.3
  3    79      -0.006334413       0.000676735      -0.011185404  Au.gga.3
  3    79      -0.000503677      -0.001636039      -0.008994150  Au.gga.3
  3    79      -0.000837001      -0.000791829      -0.009591196  Au.gga.3
  3    79       0.007219933       0.000419816      -0.012925973  Au.gga.3
  3    79      -0.003439274       0.003142978      -0.010827126  Au.gga.3
  3    79       0.000678993       0.005159419      -0.011967878  Au.gga.3
  3    79       0.000875662       0.006000921      -0.009403788  Au.gga.3
  3    79       0.005454197       0.005670829      -0.014910742  Au.gga.3
  2     8      -0.078039162       0.018815564       0.026066903  O.2
  1     1      -0.017893437      -0.013072782      -0.017416443  H.1
  1     1       0.091137894      -0.003210005       0.021812142  H.1
