([141,
  40,
  84,
  165,
  231,
  188,
  178,
  62,
  19,
  146,
  488,
  285,
  628,
  434,
  385,
  906,
  902,
  966,
  814,
  620,
  913,
  929,
  895,
  839,
  949],
 ([0.14114114114114115,
   0.04004004004004004,
   0.08408408408408408,
   0.16516516516516516,
   0.23123123123123124],
  [0.39927621617524733,
   0.938032085460479,
   0.745903801433221,
   0.25821428348152786,
   0.013842582987255499]),
 ([0.1881881881881882,
   0.1781781781781782,
   0.062062062062062065,
   0.01901901901901902,
   0.14614614614614616],
  [0.856597671280355,
   0.8098093021672643,
   0.14450626611744888,
   0.014212409052619869,
   0.631307007250141]),
 ([0.48848848848848847,
   0.2852852852852853,
   0.6286286286286287,
   0.4344344344344344,
   0.38538538538538536],
  [0.994777637974286,
   0.04835258890362385,
   0.47720855398219414,
   0.8396745016883846,
   0.5650682264648537]),
 ([0.9069069069069069,
   0.9029029029029029,
   0.9669669669669669,
   0.8148148148148148,
   0.6206206206206206],
  [0.3048515634351374,
   0.3282513684091886,
   0.04246307741960706,
   0.843120818934367,
   0.47249743520790344]),
 ([0.9139139139139139,
   0.92992992992993,
   0.8958958958958959,
   0.8398398398398398,
   0.94994994994995],
  [0.7348746016991851,
   0.8183726427125305,
   0.6297891804019079,
   0.2862002440981651,
   0.9043235741668775]))