              -6730.7754931827
          0.000082739       0.000000265      -0.000003708
          0.000000265       0.000108763      -0.000001276
         -0.000003708      -0.000001276       0.000010598
          67
  5    79      -0.004766797      -0.005347211       0.000194729  Au.gga.5
  5    79      -0.000334148      -0.006865902      -0.002581448  Au.gga.5
  5    79      -0.000819769      -0.006830894      -0.003022249  Au.gga.5
  5    79       0.004784389      -0.006932183      -0.002692481  Au.gga.5
  5    79      -0.005241459       0.000423799      -0.004710555  Au.gga.5
  5    79       0.001092698       0.000297008      -0.006017701  Au.gga.5
  5    79       0.000473161       0.000864860      -0.005699110  Au.gga.5
  5    79       0.005188566       0.000685397      -0.002264655  Au.gga.5
  5    79      -0.005765875      -0.000385668      -0.003583190  Au.gga.5
  5    79      -0.000249066      -0.000486699      -0.006367213  Au.gga.5
  5    79      -0.000653797      -0.000707962      -0.005670521  Au.gga.5
  5    79       0.005062173      -0.000635964      -0.005026741  Au.gga.5
  5    79      -0.004758508       0.006132682      -0.004761113  Au.gga.5
  5    79       0.000863018       0.006164785      -0.003726893  Au.gga.5
  5    79       0.000331453       0.006218725      -0.005373100  Au.gga.5
  5    79       0.004559215       0.004604543      -0.002238015  Au.gga.5
  5    79      -0.005955702      -0.006873314       0.008217259  Au.gga.5
  5    79       0.000788615      -0.006900887       0.008329742  Au.gga.5
  5    79       0.000818361      -0.006736279       0.009087360  Au.gga.5
  5    79       0.006442066      -0.004653848       0.009813603  Au.gga.5
  5    79      -0.007405896       0.000184153       0.006722844  Au.gga.5
  5    79      -0.000455601       0.001008420       0.006116564  Au.gga.5
  5    79      -0.000666338       0.000708238       0.007064539  Au.gga.5
  5    79       0.005998894       0.000462241       0.006490836  Au.gga.5
  5    79      -0.005867891      -0.000800701       0.006430353  Au.gga.5
  5    79       0.000678359      -0.000251485       0.006994909  Au.gga.5
  5    79       0.000575579      -0.000643955       0.007322206  Au.gga.5
  5    79       0.006945785       0.000071390       0.008230950  Au.gga.5
  5    79      -0.006555414       0.005454193       0.005915143  Au.gga.5
  5    79       0.000259079       0.007636092       0.004361934  Au.gga.5
  5    79      -0.001099417       0.007296655       0.004438979  Au.gga.5
  5    79       0.005112188       0.006500055       0.004994099  Au.gga.5
  3    79      -0.006262402      -0.003884239       0.003743397  Au.gga.3
  3    79       0.000000320      -0.004923563       0.006852637  Au.gga.3
  3    79      -0.000694188      -0.005637253       0.007700846  Au.gga.3
  3    79       0.004827575      -0.005481499       0.006092702  Au.gga.3
  3    79      -0.005760908       0.001463931       0.009735730  Au.gga.3
  3    79       0.001552554       0.001117221       0.008809507  Au.gga.3
  3    79       0.000631786       0.000937908       0.007235047  Au.gga.3
  3    79       0.006156099       0.001245231       0.006715115  Au.gga.3
  3    79      -0.007315593      -0.000043798       0.006863967  Au.gga.3
  3    79      -0.000532175       0.000331076       0.008631025  Au.gga.3
  3    79      -0.000774210       0.000536195       0.007963426  Au.gga.3
  3    79       0.005422986       0.000544500       0.007502216  Au.gga.3
  3    79      -0.005753925       0.005787862       0.005687365  Au.gga.3
  3    79       0.001123601       0.006075311       0.006141298  Au.gga.3
  3    79      -0.000203965       0.006631644       0.007146332  Au.gga.3
  3    79       0.006032586       0.005378932       0.007747658  Au.gga.3
  3    79      -0.008224474      -0.007328186      -0.014385001  Au.gga.3
  3    79      -0.000683258      -0.005076246      -0.012551581  Au.gga.3
  3    79      -0.000379859      -0.006037597      -0.011079882  Au.gga.3
  3    79       0.006090381      -0.005016575      -0.014335717  Au.gga.3
  3    79      -0.003044833      -0.005756704      -0.006876099  Au.gga.3
  3    79      -0.000564354      -0.001182002      -0.007592481  Au.gga.3
  3    79       0.000804659      -0.000066097      -0.009651661  Au.gga.3
  3    79       0.003576750      -0.000382080      -0.018208255  Au.gga.3
  3    79      -0.004457881       0.000787483      -0.011568373  Au.gga.3
  3    79      -0.001265892      -0.001794605      -0.009239028  Au.gga.3
  3    79      -0.000582885      -0.000722892      -0.009696768  Au.gga.3
  3    79       0.006359839       0.000031515      -0.012561522  Au.gga.3
  3    79      -0.003602020       0.003513108      -0.010954879  Au.gga.3
  3    79       0.000199754       0.004289941      -0.012116824  Au.gga.3
  3    79       0.000792675       0.005677471      -0.009451578  Au.gga.3
  3    79       0.004814174       0.005657178      -0.015521653  Au.gga.3
  2     8       0.228569285      -0.135869057       0.002148616  O.2
  1     1       0.044474622       0.081527104       0.085611859  H.1
  1     1      -0.272034779       0.057688808      -0.063470091  H.1
