              -6730.7169491431
          0.000078824       0.000000005      -0.000000996
          0.000000005       0.000104801       0.000000729
         -0.000000996       0.000000729       0.000018556
          67
  5    79      -0.004889053      -0.004231028       0.000031974  Au.gga.5
  5    79      -0.000489035      -0.006831074      -0.002920378  Au.gga.5
  5    79      -0.000789404      -0.006900676      -0.002876836  Au.gga.5
  5    79       0.004949482      -0.006530140      -0.002082187  Au.gga.5
  5    79      -0.005285683       0.000153805      -0.004785097  Au.gga.5
  5    79       0.001049134       0.000562670      -0.005680067  Au.gga.5
  5    79       0.000097361       0.001048436      -0.005816239  Au.gga.5
  5    79       0.005659546       0.000034677      -0.002466052  Au.gga.5
  5    79      -0.005378695      -0.000700243      -0.001766652  Au.gga.5
  5    79       0.000371274      -0.000525202      -0.005360979  Au.gga.5
  5    79      -0.000485324      -0.000603794      -0.006537893  Au.gga.5
  5    79       0.004284328      -0.000527786      -0.004703969  Au.gga.5
  5    79      -0.003806061       0.006539272      -0.003496273  Au.gga.5
  5    79       0.001154304       0.006313530      -0.003851038  Au.gga.5
  5    79      -0.000097091       0.006226540      -0.005103863  Au.gga.5
  5    79       0.003813933       0.005012706      -0.000154569  Au.gga.5
  5    79      -0.004885647      -0.007910770       0.007932984  Au.gga.5
  5    79       0.000857458      -0.007118107       0.008920129  Au.gga.5
  5    79       0.000430198      -0.006836056       0.009065370  Au.gga.5
  5    79       0.005945825      -0.004881944       0.010414674  Au.gga.5
  5    79      -0.007113454       0.000261321       0.007258882  Au.gga.5
  5    79      -0.000539796       0.000983788       0.006894332  Au.gga.5
  5    79      -0.001100599       0.000810886       0.007023203  Au.gga.5
  5    79       0.006033683       0.000196512       0.006237795  Au.gga.5
  5    79      -0.005378432      -0.001105459       0.007779694  Au.gga.5
  5    79       0.000522615      -0.000162531       0.007061889  Au.gga.5
  5    79       0.000149967      -0.000502431       0.007914588  Au.gga.5
  5    79       0.006870622      -0.000252079       0.008887205  Au.gga.5
  5    79      -0.005788452       0.006429434       0.005850708  Au.gga.5
  5    79      -0.000205426       0.008386311       0.006119454  Au.gga.5
  5    79      -0.001402737       0.007540240       0.005475963  Au.gga.5
  5    79       0.005132681       0.006934741       0.005821541  Au.gga.5
  3    79      -0.006310643      -0.005575522       0.005272398  Au.gga.3
  3    79      -0.000051119      -0.005554718       0.007460106  Au.gga.3
  3    79      -0.000884169      -0.005372326       0.007816142  Au.gga.3
  3    79       0.004976211      -0.005639574       0.007441804  Au.gga.3
  3    79      -0.005460376      -0.000407319       0.012066383  Au.gga.3
  3    79       0.001600181       0.001126114       0.008921967  Au.gga.3
  3    79       0.000077755       0.001261360       0.007471735  Au.gga.3
  3    79       0.005551415      -0.000357914       0.008594214  Au.gga.3
  3    79      -0.007760497       0.000602839       0.006157258  Au.gga.3
  3    79      -0.001192827       0.000550087       0.009089922  Au.gga.3
  3    79      -0.000366037      -0.000318335       0.007816536  Au.gga.3
  3    79       0.005118951       0.000988835       0.007042529  Au.gga.3
  3    79      -0.009167232       0.006973426       0.008592274  Au.gga.3
  3    79      -0.000225333       0.007888262       0.009866834  Au.gga.3
  3    79       0.001527501       0.007122906       0.007627884  Au.gga.3
  3    79       0.008968128       0.005360913       0.008166220  Au.gga.3
  3    79      -0.015636805      -0.002150663      -0.001989126  Au.gga.3
  3    79       0.017174354      -0.014220226      -0.019787450  Au.gga.3
  3    79      -0.001481431      -0.007713362      -0.009693063  Au.gga.3
  3    79       0.009411148      -0.003279657      -0.017002700  Au.gga.3
  3    79      -0.006065381       0.005945229      -0.014543094  Au.gga.3
  3    79       0.001302159       0.000145543      -0.007919006  Au.gga.3
  3    79       0.001392162       0.000335242      -0.009495325  Au.gga.3
  3    79       0.007583335      -0.009353267      -0.007449447  Au.gga.3
  3    79      -0.007353633       0.001505737      -0.011995452  Au.gga.3
  3    79       0.000328066      -0.000375604      -0.009890175  Au.gga.3
  3    79      -0.000548609      -0.000940609      -0.009961699  Au.gga.3
  3    79       0.006185446       0.000553200      -0.012291622  Au.gga.3
  3    79      -0.005145346       0.002796035      -0.010603346  Au.gga.3
  3    79       0.000368192       0.006197365      -0.010932220  Au.gga.3
  3    79       0.001478170       0.006788685      -0.010278665  Au.gga.3
  3    79       0.006255295       0.004571329      -0.013869555  Au.gga.3
  2     8      -0.021533859      -0.014266292      -0.044389727  O.2
  1     1       0.019487974       0.013998881       0.054371529  H.1
  1     1      -0.009475394      -0.000736184      -0.023091941  H.1
